   8.1700578e+06
   1.0059509e+07
   1.1975760e+07
   1.4757443e+07
   1.7030642e+07
   1.9737725e+07
   2.3643707e+07
   2.7646786e+07
   3.1236652e+07
   3.5124169e+07
   3.9739697e+07
   4.6212806e+07
   5.1874629e+07
   5.5968712e+07
   5.9287428e+07
   6.3832811e+07
   6.6425496e+07
   7.0432502e+07
   7.4345701e+07
   7.8036771e+07
   8.2211514e+07
   8.5907030e+07
   9.0470330e+07
   9.6072859e+07
   1.0644686e+08
   1.1944820e+08
   1.3276703e+08
   1.4690208e+08
   1.6039690e+08
   1.7320398e+08
   1.8679577e+08
   1.9844942e+08
   2.0926902e+08
   2.2020047e+08
   2.3053082e+08
   2.3942061e+08
   2.4944653e+08
   2.6210301e+08
   2.7259750e+08
   2.8055917e+08
   2.8772406e+08
   2.9495471e+08
   3.0169759e+08
   3.0847995e+08
   3.1612099e+08
   3.2263974e+08
   3.3018494e+08
   3.3741683e+08
   3.4389733e+08
   3.4846950e+08
   3.5499148e+08
   3.6195087e+08
   3.6984398e+08
   3.7694263e+08
   3.8223361e+08
   3.8848104e+08
   3.9666586e+08
   4.0085992e+08
   4.0604955e+08
   4.1262630e+08
   4.1799828e+08
   4.2308998e+08
   4.2788261e+08
   4.3392626e+08
   4.3765138e+08
   4.4255729e+08
   4.4782779e+08
   4.5204427e+08
   4.5611932e+08
   4.6064352e+08
   4.6585349e+08
   4.6869585e+08
   4.7220346e+08
   4.7632958e+08
   4.8026278e+08
   4.8476737e+08
   4.8797998e+08
   4.9245159e+08
   4.9734528e+08
   5.0131035e+08
   5.0545316e+08
   5.0916441e+08
   5.1359385e+08
   5.1758505e+08
   5.2120924e+08
   5.2625333e+08
   5.2919542e+08
   5.3455805e+08
   5.3851242e+08
   5.4165131e+08
   5.4625449e+08
   5.5084994e+08
   5.5615183e+08
   5.6224108e+08
   5.6850402e+08
   5.7203003e+08
   5.7317168e+08
   5.7341663e+08
   5.7341906e+08
   5.7341906e+08
