0
-0
0
-0
-0.01
-0.01
-0.02
-0.05
-0.03
-0.03
-0.03
-0.01
-0.02
-0.03
-0.03
-0.04
-0.04
-0.05
-0.06
-0.06
-0.06
-0.06
-0.06
-0.06
-0.06
-0.06
-0.07
-0.07
-0.06
-0.07
-0.08
-0.08
-0.08
-0.07
-0.08
-0.08
-0.08
-0.08
-0.08
-0.08
-0.07
-0.06
-0.05
-0.05
-0.04
-0.05
-0.05
-0.05
-0.04
-0.05
-0.04
-0.03
-0.01
-0.02
-0.02
-0.02
-0.01
-0.01
-0
0
0.01
0.01
0.02
0.02
0.03
0.05
0.05
0.03
0.05
0.06
0.08
0.09
0.1
0.11
0.11
0.11
0.11
0.11
0.12
0.12
0.13
0.14
0.14
0.14
0.14
0.14
0.15
0.15
0.15
0.15
0.16
0.17
0.18
0.18
0.19
0.19
0.19
0.19
0.19
0.2
0.2
0.21
0.22
0.23
0.25
0.26
0.27
0.28
0.28
0.29
0.29
0.3
0.31
0.31
0.31
0.32
0.33
0.33
0.34
0.34
0.34
0.35
0.35
0.36
0.36
0.37
0.37
0.36
0.37
0.37
0.38
0.39
0.42
0.42
0.43
0.42
0.42
0.42
0.43
0.45
0.44
0.44
0.46
0.46
0.47
0.45
0.47
0.48
0.48
0.47
0.47
0.48
0.48
0.48
0.49
0.49
0.49
0.47
0.48
0.5
0.52
0.51
0.51
0.53
0.54
0.52
0.55
0.55
0.56
0.57
0.59
0.58
0.59
0.61
0.63
0.62
0.61
0.62
0.65
0.65
0.68
0.66
0.67
0.68
0.69
0.71
0.72
0.7
0.7
0.71
0.77
0.8
0.78
0.83
0.86
0.87
0.84
0.83
0.85
0.88
0.9
0.89
0.93
0.93
0.93
0.94
0.92
0.98
0.96
0.98
0.98
0.98
1.01
1
0.97
1.07
1.03
1.05
1.11
1.07
1.11
1.16
1.14
1.16
1.17
1.13
1.19
1.22
1.16
1.19
1.23
1.15
1.18
1.23
1.27
1.24
1.22
1.24
1.24
1.24
1.25
1.25
1.26
1.26
1.26
1.25
1.24
1.25
1.23
1.27
1.23
1.23
1.26
1.25
1.22
1.24
1.25
1.25
1.22
1.24
1.24
1.21
1.24
1.21
1.2
1.2
1.21
1.19
1.17
1.18
1.17
1.15
1.16
1.13
1.12
1.15
1.16
1.16
1.16
1.14
1.15
1.13
1.13
1.14
1.12
1.12
1.11
1.12
1.11
1.12
1.09
1.1
1.09
1.07
1.08
1.08
1.06
1.05
1.05
1.04
1.03
1.03
1.02
1.03
0.99
1
1.01
0.99
0.99
0.98
0.97
0.98
0.96
0.95
0.95
0.94
0.94
0.92
0.91
0.92
0.91
0.9
0.91
0.91
0.89
0.88
0.89
0.87
0.86
0.87
0.88
0.84
0.83
0.83
0.84
0.82
0.82
0.79
0.8
0.8
0.79
0.77
0.77
0.77
0.77
0.76
0.73
0.73
0.75
0.75
0.71
0.73
0.71
0.7
0.7
0.7
0.72
0.68
0.68
0.69
0.69
0.68
0.68
0.68
0.67
0.66
0.66
0.65
0.66
0.66
0.65
0.65
0.64
0.64
0.64
0.63
0.64
0.63
0.63
0.63
0.62
0.63
0.61
0.61
0.61
0.6
0.6
0.61
0.61
0.59
0.59
0.59
0.57
0.57
0.58
0.57
0.59
0.59
0.59
0.59
0.6
0.61
0.6
0.59
0.58
0.57
0.59
0.61
0.62
0.62
0.61
0.63
0.64
0.64
0.64
0.64
0.64
0.63
0.64
0.65
0.65
0.65
0.66
0.66
0.67
0.67
0.68
0.68
0.68
0.69
0.63
0.65
0.66
0.67
0.71
0.73
0.76
0.71
0.72
0.73
0.73
0.73
0.73
0.73
0.73
0.72
0.74
0.74
0.71
0.74
0.71
0.73
0.71
0.74
0.73
0.73
0.74
0.75
0.75
0.77
0.77
0.76
0.76
0.77
0.77
0.77
0.78
0.78
0.79
0.79
0.79
0.8
0.81
0.81
0.81
0.81
0.82
0.81
0.81
0.82
0.82
0.81
0.84
0.83
0.82
0.83
0.83
0.83
0.83
0.83
0.83
0.85
0.85
0.84
0.84
0.86
0.86
0.87
0.87
0.89
0.87
0.89
0.9
0.9
0.9
0.89
0.91
0.92
0.92
0.92
0.92
0.92
0.93
0.93
0.93
0.93
0.92
0.93
0.95
0.94
0.95
0.92
0.95
0.96
0.94
0.94
0.94
0.93
0.95
0.95
0.94
0.95
0.94
0.96
0.94
0.97
0.99
0.96
0.99
0.98
1.01
0.95
0.98
1
1
0.98
1
1
0.95
0.97
1.01
1
0.99
1.01
0.98
1.01
0.99
0.87
1
1
1.04
1.08
1.04
1.06
1.12
1.11
1.09
1.11
1.13
1.11
1.12
1.16
1.16
1.17
1.19
1.16
1.2
1.24
1.26
1.27
1.25
1.28
1.27
1.29
1.31
1.29
1.31
1.32
1.36
1.33
1.36
1.37
1.41
1.37
1.36
1.4
1.38
1.4
1.4
1.4
1.41
1.39
1.41
1.4
1.4
1.42
1.42
1.42
1.41
1.41
1.4
1.4
1.4
1.42
1.42
1.41
1.41
1.41
1.41
1.41
1.41
1.43
1.4
1.44
1.41
1.41
1.39
1.38
1.42
1.4
1.4
1.42
1.4
1.4
1.41
1.4
1.39
1.38
1.39
1.37
1.38
1.37
1.37
1.37
1.35
1.39
1.35
1.3
1.36
1.34
1.34
1.27
1.3
1.36
1.3
1.3
1.32
1.29
1.3
1.28
1.28
1.27
1.28
1.26
1.24
1.26
1.23
1.22
1.23
1.23
1.21
1.21
1.2
1.2
1.18
1.17
1.17
1.18
1.18
1.16
1.15
1.15
1.14
1.13
1.13
1.14
1.09
1.11
1.1
1.1
1.1
1.06
1.07
1.07
1.06
1.04
1.04
1.03
1.01
1.01
1.02
1.01
1.02
1
1
1
1
0.98
0.96
0.97
0.95
0.94
0.94
0.94
0.92
0.93
0.93
0.92
0.91
0.9
0.91
0.9
0.88
0.88
0.88
0.88
0.86
0.87
0.85
0.86
0.83
0.83
0.82
0.84
0.84
0.82
0.81
0.82
0.81
0.79
0.79
0.75
0.78
0.77
0.75
0.77
0.77
0.75
0.77
0.79
0.76
0.75
0.75
0.75
0.75
0.75
0.75
0.74
0.74
0.74
0.74
0.73
0.74
0.74
0.74
0.73
0.73
0.76
0.78
0.77
0.73
0.74
0.7
0.73
0.74
0.74
0.7
0.78
0.7
0.71
0.78
0.75
0.72
0.71
0.71
0.73
0.74
0.73
0.73
0.74
0.72
0.72
0.7
0.73
0.73
0.74
0.74
0.73
0.73
0.73
0.73
0.74
0.73
0.73
0.73
0.71
0.73
0.73
0.72
0.72
0.73
0.73
0.73
0.72
0.72
0.72
0.71
0.73
0.73
0.72
0.72
0.73
0.73
0.74
0.74
0.74
0.74
0.74
0.74
0.75
0.74
0.74
0.75
0.75
0.74
0.74
0.76
0.75
0.75
0.76
0.82
0.79
0.78
0.79
0.78
0.8
0.76
0.76
0.77
0.76
0.77
0.77
0.77
0.79
0.77
0.8
0.79
0.79
0.79
0.79
0.78
0.8
0.78
0.8
0.83
0.82
0.8
0.79
0.8
0.8
0.74
0.8
0.83
0.83
0.82
0.81
0.84
0.85
0.81
0.82
0.82
0.82
0.83
0.84
0.82
0.84
0.85
0.83
0.85
0.84
0.86
0.85
0.84
0.85
0.88
0.86
0.84
0.86
0.85
0.86
0.87
0.85
0.87
0.88
0.89
0.87
0.87
0.89
0.85
0.89
0.89
0.88
0.88
0.87
0.88
0.86
0.87
0.87
0.93
0.85
0.88
0.88
0.87
0.92
0.98
0.91
0.93
0.91
0.93
0.91
0.94
0.9
1.04
1.01
1
0.99
1.05
1.03
0.99
0.98
1.07
1.06
1.05
1.11
1.13
1.15
1.06
1.11
1.09
1.09
1.05
1.05
1.11
1.09
1.08
1.11
1.11
1.11
1.14
1.15
1.09
1.13
1.14
1.13
1.14
1.1
1.14
1.08
1.13
1.11
1.17
1.12
1.12
1.13
1.18
1.09
1.13
1.13
1.13
1.11
1.09
1.12
1.15
1.11
1.14
1.07
1.05
1.1
1.08
1.04
1.04
1.07
1.06
1.02
1.03
1
0.98
1.03
1.02
1
0.99
1.02
1.02
1.02
0.93
0.95
0.96
1.03
0.93
0.94
0.93
0.91
0.99
0.92
0.94
0.92
0.88
0.89
0.89
0.88
0.92
0.91
0.86
0.87
0.86
0.84
0.83
0.84
0.83
0.82
0.81
0.81
0.8
0.79
0.79
0.81
0.79
0.76
0.77
0.78
0.77
0.77
0.71
0.66
0.71
0.73
0.7
0.66
0.67
0.69
0.68
0.67
0.64
0.62
0.65
0.67
0.69
0.64
0.62
0.59
0.59
0.59
0.56
0.53
0.55
0.57
0.54
0.53
0.53
0.53
0.48
0.46
0.48
0.47
0.47
0.48
0.47
0.46
0.46
0.45
0.4
0.39
0.43
0.41
0.39
0.4
0.42
0.42
0.38
0.4
0.36
0.39
0.36
0.35
0.37
0.38
0.35
0.33
0.32
0.31
0.31
0.3
0.29
0.26
0.32
0.33
0.31
0.3
0.33
0.31
0.31
0.3
0.29
0.29
0.28
0.27
0.27
0.24
0.27
0.34
0.26
0.26
0.26
0.23
0.24
0.25
0.27
0.19
0.2
0.17
0.23
0.29
0.24
0.22
0.24
0.23
0.22
0.23
0.23
0.22
0.21
0.22
0.22
0.22
0.22
0.2
0.25
0.23
0.22
0.21
0.22
0.21
0.2
0.2
0.19
0.2
0.19
0.2
0.2
0.19
0.2
0.2
0.2
0.2
0.2
0.21
0.19
0.19
0.2
0.21
0.22
0.23
0.21
0.2
0.22
0.25
0.25
0.23
0.22
0.22
0.22
0.21
0.22
0.24
0.22
0.21
0.21
0.22
0.22
0.23
0.19
0.16
0.12
0.18
0.25
0.21
0.23
0.24
0.25
0.22
0.2
0.19
0.21
0.22
0.25
0.28
0.24
0.24
0.24
0.24
0.23
0.24
0.27
0.25
0.25
0.26
0.26
0.25
0.25
0.26
0.25
0.24
0.33
0.27
0.27
0.24
0.24
0.23
0.23
0.24
0.25
0.22
0.21
0.23
0.22
0.23
0.22
0.24
0.24
0.23
0.21
0.22
0.2
0.21
0.21
0.22
0.2
0.2
0.19
0.23
0.19
0.2
0.21
0.23
0.23
0.23
0.23
0.22
0.21
0.22
0.24
0.23
0.21
0.22
0.24
0.23
0.24
0.25
0.26
0.27
0.26
0.24
0.24
0.04
0.18
0.23
0.23
0.24
0.22
0.23
0.24
0.24
0.2
0.24
0.27
0.28
0.29
0.3
0.29
0.28
0.35
0.29
0.33
0.36
0.33
0.35
0.32
0.28
0.32
0.32
0.32
0.3
0.33
0.28
0.3
0.35
0.37
0.35
0.34
0.34
0.36
0.39
0.37
0.38
0.39
0.39
0.4
0.4
0.4
0.38
0.34
0.42
0.43
0.42
0.46
0.43
0.4
0.43
0.41
0.43
0.43
0.45
0.4
0.4
0.38
0.43
0.4
0.39
0.42
0.4
0.42
0.42
0.4
0.42
0.42
0.42
0.41
0.41
0.45
0.4
0.39
0.39
0.36
0.36
0.37
0.38
0.37
0.39
0.37
0.38
0.33
0.32
0.31
0.33
0.31
0.34
0.33
0.33
0.32
0.25
0.29
0.3
0.32
0.29
0.28
0.27
0.28
0.27
0.28
0.28
0.3
0.3
0.33
0.28
0.28
0.29
0.27
0.26
0.28
0.27
0.27
0.24
0.24
0.21
0.2
0.21
0.24
0.22
0.18
0.18
0.17
0.15
0.16
0.13
0.12
0.13
0.12
0.15
0.13
0.11
0.1
0.08
0.1
0.08
0.12
0.09
0.06
0.04
0.03
0.03
0.02
0.02
0.03
0.01
-0.01
-0.01
-0.01
-0.02
-0.03
-0.04
-0.04
-0.05
-0.05
-0.08
-0.09
-0.09
-0.09
-0.12
-0.12
-0.12
-0.16
-0.15
-0.15
-0.13
-0.15
-0.17
-0.18
-0.18
-0.19
-0.2
-0.2
-0.18
-0.18
-0.21
-0.23
-0.24
-0.24
-0.24
-0.24
-0.25
-0.26
-0.25
-0.27
-0.28
-0.29
-0.27
-0.26
-0.22
-0.27
-0.27
-0.29
-0.28
-0.31
-0.32
-0.32
-0.29
-0.3
-0.31
-0.32
-0.32
-0.31
-0.32
-0.32
-0.34
-0.34
-0.35
-0.36
-0.36
-0.32
-0.35
-0.38
-0.34
-0.37
-0.38
-0.38
-0.37
-0.38
-0.38
-0.38
-0.38
-0.38
-0.38
-0.39
-0.39
-0.39
-0.39
-0.38
-0.37
-0.38
-0.37
-0.38
-0.38
-0.37
-0.38
-0.38
-0.39
-0.38
-0.38
-0.37
-0.36
-0.37
-0.38
-0.37
-0.35
-0.37
-0.38
-0.38
-0.37
-0.36
-0.37
-0.37
-0.37
-0.36
-0.37
-0.37
-0.39
-0.39
-0.38
-0.35
-0.42
-0.37
-0.36
-0.37
-0.37
-0.38
-0.38
-0.37
-0.4
-0.37
-0.37
-0.37
-0.38
-0.38
-0.38
-0.36
-0.36
-0.36
-0.34
-0.34
-0.35
-0.35
-0.36
-0.33
-0.33
-0.35
-0.35
-0.35
-0.35
-0.36
-0.31
-0.33
-0.34
-0.3
-0.35
-0.34
-0.33
-0.34
-0.36
-0.34
-0.35
-0.35
-0.35
-0.34
-0.33
-0.32
-0.33
-0.33
-0.32
-0.33
-0.32
-0.31
-0.3
-0.32
-0.33
-0.31
-0.3
-0.31
-0.31
-0.3
-0.3
-0.31
-0.29
-0.31
-0.31
-0.3
-0.31
-0.3
-0.3
-0.31
-0.3
-0.28
-0.31
-0.31
-0.3
-0.3
-0.29
-0.29
-0.28
-0.3
-0.28
-0.29
-0.29
-0.27
-0.27
-0.27
-0.26
-0.27
-0.26
-0.25
-0.24
-0.23
-0.22
-0.18
-0.21
-0.22
-0.22
-0.24
-0.23
-0.21
-0.2
-0.2
-0.2
-0.25
-0.28
-0.23
-0.21
-0.19
-0.19
-0.2
-0.23
-0.14
-0.14
-0.12
-0.12
-0.12
-0.12
-0.09
-0.06
-0.06
-0.06
-0.04
-0.04
-0.04
-0.02
-0
0.01
-0.01
-0.05
0.01
0.05
0.06
0.04
0.03
0.05
0.04
0.07
0.06
0.05
0.06
0.07
0.08
0.06
0.07
0.09
0.11
0.1
0.09
0.08
0.07
0.08
0.09
0.09
0.11
0.09
0.1
0.07
0.07
0.09
0.09
0.1
0.1
0.11
0.08
0.09
0.06
0.07
0.07
0.08
0.07
0.1
0.1
0.09
0.05
0.07
0.05
0.05
0.06
0.06
0.05
0.03
0.03
0.03
0.03
0.03
0.06
0.05
0.03
0.01
-0.01
-0
-0
-0.03
-0.03
-0.04
-0.05
-0.07
-0.07
-0.08
-0.06
-0.08
-0.08
-0.06
-0.06
-0.08
-0.08
-0.11
-0.12
-0.1
-0.14
-0.13
-0.12
-0.16
-0.15
-0.16
-0.14
-0.18
-0.19
-0.19
-0.19
-0.2
-0.18
-0.19
-0.21
-0.23
-0.23
-0.24
-0.24
-0.26
-0.29
-0.26
-0.31
-0.3
-0.3
-0.31
-0.31
-0.32
-0.32
-0.32
-0.33
-0.33
-0.34
-0.33
-0.36
-0.38
-0.39
-0.39
-0.38
-0.4
-0.41
-0.39
-0.41
-0.43
-0.44
-0.43
-0.46
-0.43
-0.46
-0.48
-0.49
-0.45
-0.47
-0.48
-0.49
-0.5
-0.52
-0.52
-0.53
-0.52
-0.53
-0.53
-0.53
-0.55
-0.55
-0.57
-0.58
-0.58
-0.57
-0.61
-0.6
-0.59
-0.62
-0.62
-0.62
-0.63
-0.63
-0.64
-0.63
-0.63
-0.64
-0.66
-0.66
-0.66
-0.66
-0.68
-0.67
-0.65
-0.68
-0.7
-0.69
-0.7
-0.7
-0.71
-0.57
-0.68
-0.7
-0.72
-0.74
-0.75
-0.75
-0.74
-0.74
-0.74
-0.74
-0.75
-0.75
-0.75
-0.75
-0.74
-0.77
-0.77
-0.77
-0.77
-0.78
-0.78
-0.77
-0.79
-0.78
-0.77
-0.78
-0.78
-0.79
-0.79
-0.8
-0.8
-0.75
-0.79
-0.82
-0.81
-0.8
-0.8
-0.8
-0.79
-0.81
-0.81
-0.81
-0.8
-0.81
-0.81
-0.81
-0.81
-0.81
-0.82
-0.81
-0.83
-0.82
-0.81
-0.82
-0.82
-0.82
-0.82
-0.81
-0.81
-0.81
-0.84
-0.84
-0.89
-0.81
-0.82
-0.83
-0.83
-0.83
-0.83
-0.85
-0.83
-0.83
-0.83
-0.83
-0.84
-0.85
-0.83
-0.83
-0.83
-0.83
-0.82
-0.84
-0.82
-0.8
-0.78
-0.8
-0.81
-0.8
-0.8
-0.79
-0.79
-0.79
-0.79
-0.79
-0.79
-0.78
-0.78
-0.78
-0.79
-0.79
-0.8
-0.8
-0.79
-0.79
-0.78
-0.8
-0.8
-0.8
-0.81
-0.8
-0.8
-0.78
-0.77
-0.76
-0.75
-0.77
-0.77
-0.74
-0.74
-0.76
-0.77
-0.74
-0.68
-0.76
-0.78
-0.8
-0.8
-0.79
-0.8
-0.81
-0.79
-0.75
-0.77
-0.83
-0.81
-0.79
-0.81
-0.79
-0.79
-0.79
-0.78
-0.78
-0.79
-0.79
-0.8
-0.8
-0.81
-0.81
-0.81
-0.79
-0.78
-0.8
-0.72
-0.83
-0.81
-0.8
-0.81
-0.8
-0.86
-0.81
-0.8
-0.81
-0.78
-0.85
-0.8
-0.8
-0.87
-0.85
-0.86
-0.83
-0.82
-0.81
-0.81
-0.8
-0.82
-0.81
-0.8
-0.77
-0.81
-0.82
-0.81
-0.77
-0.83
-0.82
-0.78
-0.79
-0.85
-0.84
-0.83
-0.84
-0.74
-0.79
-0.85
-0.84
-0.8
-0.79
-0.83
-0.86
-0.87
-0.85
-0.85
-0.83
-0.91
-0.86
-0.84
-0.86
-0.84
-0.79
-0.84
-0.84
-0.92
-0.85
-0.83
-0.85
-0.87
-0.87
-0.89
-0.89
-0.89
-0.89
-0.88
-0.9
-0.94
-0.95
-0.93
-0.94
-0.95
-0.96
-0.96
-0.97
-0.93
-0.95
-0.96
-1.02
-0.98
-0.99
-0.99
-0.98
-0.97
-0.98
-1
-1
-0.97
-1.01
-1.04
-1.03
-1.02
-1.04
-1.07
-1.09
-1.07
-1.09
-1.09
-1.12
-1.12
-1.1
-1.1
-1.15
-1.15
-1.13
-1.11
-1.17
-1.17
-1.18
-1.19
-1.18
-1.19
-1.21
-1.2
-1.2
-1.21
-1.23
-1.24
-1.24
-1.24
-1.24
-1.27
-1.25
-1.3
-1.31
-1.3
-1.31
-1.3
-1.32
-1.32
-1.3
-1.32
-1.35
-1.36
-1.35
-1.36
-1.37
-1.38
-1.39
-1.4
-1.4
-1.42
-1.41
-1.42
-1.43
-1.43
-1.44
-1.46
-1.47
-1.44
-1.48
-1.49
-1.48
-1.51
-1.48
-1.5
-1.48
-1.53
-1.54
-1.52
-1.53
-1.56
-1.59
-1.59
-1.55
-1.59
-1.61
-1.57
-1.57
-1.6
-1.63
-1.62
-1.61
-1.64
-1.65
-1.66
-1.65
-1.66
-1.67
-1.66
-1.68
-1.69
-1.71
-1.7
-1.71
-1.69
-1.71
-1.74
-1.73
-1.74
-1.74
-1.73
-1.79
-1.8
-1.78
-1.76
-1.78
-1.79
-1.79
-1.8
-1.79
-1.79
-1.81
-1.81
-1.81
-1.82
-1.81
-1.81
-1.83
-1.84
-1.83
-1.84
-1.85
-1.82
-1.82
-1.86
-1.87
-1.86
-1.82
-1.86
-1.87
-1.88
-1.88
-1.86
-1.89
-1.91
-1.86
-1.86
-1.87
-1.88
-1.88
-1.88
-1.89
-1.91
-1.89
-1.9
-1.89
-1.89
-1.92
-1.9
-1.89
-1.89
-1.9
-1.9
-1.91
-1.91
-1.92
-1.91
-1.91
-1.96
-1.92
-1.93
-1.91
-1.92
-1.93
-1.94
-1.99
-1.91
-1.93
-1.96
-1.94
-1.92
-1.93
-1.94
-1.95
-1.94
-1.97
-1.94
-1.93
-1.94
-1.94
-1.95
-1.94
-1.94
-1.95
-1.94
-1.95
-1.93
-1.93
-1.95
-1.95
-1.95
-1.95
-1.95
-1.95
-1.95
-1.96
-1.96
-1.95
-1.95
-1.97
-1.94
-1.93
-1.94
-1.93
-1.93
-1.94
-1.91
-1.92
-1.93
-1.92
-1.92
-1.94
-1.95
-1.92
-1.95
-1.94
-1.94
-1.94
-1.95
-1.94
-1.96
-1.99
-2.07
-1.95
-1.94
-1.96
-1.95
-1.95
-1.99
-1.91
-1.97
-1.96
-1.94
-1.94
-1.93
-1.96
-1.93
-1.93
-1.94
-1.85
-1.98
-1.94
-1.92
-1.93
-1.95
-1.95
-1.93
-1.93
-1.95
-1.94
-1.92
-1.93
-1.94
-1.92
-1.94
-1.95
-1.9
-1.91
-1.93
-1.95
-1.94
-1.94
-1.89
-1.96
-1.94
-1.92
-1.92
-1.93
-1.94
-1.89
-1.91
-1.92
-1.99
-1.98
-1.97
-1.95
-1.95
-1.94
-1.97
-1.96
-1.92
-1.95
-1.91
-1.96
-1.98
-1.9
-1.93
-1.96
-1.95
-1.92
-1.93
-1.93
-1.92
-1.94
-1.93
-1.91
-1.92
-1.93
-1.95
-1.91
-1.94
-1.94
-1.92
-1.96
-1.91
-1.94
-1.96
-1.9
-1.92
-1.93
-1.95
-1.94
-1.91
-1.91
-1.91
-1.9
-1.95
-1.97
-1.97
-1.95
-1.96
-1.99
-1.95
-1.94
-1.94
-1.95
-1.97
-1.97
-1.96
-1.95
-1.94
-1.99
-1.97
-1.98
-2
-1.96
-1.99
-2.01
-2.02
-2.04
-1.99
-2.05
-1.99
-2.04
-2.09
-2.05
-2.05
-2.06
-2.07
-2.04
-2.06
-2.08
-2.09
-2.09
-2.13
-2.11
-2.11
-2.1
-2.08
-2.12
-2.15
-2.12
-2.15
-2.11
-2.16
-2.19
-2.18
-2.18
-2.22
-2.19
-2.2
-2.22
-2.21
-2.22
-2.24
-2.24
-2.26
-2.26
-2.27
-2.28
-2.27
-2.29
-2.3
-2.31
-2.31
-2.32
-2.33
-2.32
-2.34
-2.36
-2.36
-2.37
-2.39
-2.36
-2.38
-2.37
-2.4
-2.43
-2.41
-2.42
-2.44
-2.43
-2.46
-2.44
-2.47
-2.47
-2.48
-2.49
-2.5
-2.49
-2.52
-2.52
-2.53
-2.52
-2.55
-2.56
-2.54
-2.57
-2.58
-2.6
-2.6
-2.61
-2.63
-2.63
-2.62
-2.65
-2.65
-2.63
-2.66
-2.66
-2.66
-2.69
-2.68
-2.7
-2.66
-2.69
-2.73
-2.73
-2.71
-2.73
-2.75
-2.75
-2.77
-2.76
-2.79
-2.78
-2.79
-2.82
-2.81
-2.82
-2.84
-2.83
-2.83
-2.82
-2.86
-2.85
-2.87
-2.87
-2.88
-2.88
-2.88
-2.87
-2.9
-2.89
-2.9
-2.89
-2.92
-2.91
-2.92
-2.92
-2.93
-2.94
-2.91
-2.92
-2.93
-3
-2.95
-2.96
-2.97
-2.96
-2.96
-2.97
-2.97
-2.99
-2.99
-2.95
-2.99
-2.98
-3.01
-2.99
-2.99
-3.01
-3.01
-3
-3
-3
-3.01
-3.01
-3
-3.01
-2.99
-3.01
-3
-3
-2.98
-2.99
-3.02
-3
-3
-3.01
-3.01
-3.01
-3.02
-3.02
-3.02
-3.02
-3.01
-3.01
-3.02
-3.02
-3.03
-3.03
-3.02
-3.02
-3.04
-3.03
-3.03
-3.01
-3.04
-3.04
-3.05
-3.03
-3.03
-3.03
-3.04
-3.02
-3.02
-3.01
-3
-2.98
-2.96
-2.97
-2.97
-2.98
-2.98
-2.98
-2.95
-3.01
-2.96
-2.99
-2.98
-2.98
-2.99
-2.97
-2.98
-2.98
-2.98
-3.03
-2.94
-3
-2.98
-2.98
-2.99
-2.97
-2.97
-2.97
-2.98
-2.97
-2.96
-2.97
-2.96
-2.97
-2.97
-2.97
-2.97
-2.97
-2.97
-2.97
-2.97
-2.98
-2.96
-2.97
-2.98
-2.97
-2.99
-2.97
-2.97
-2.99
-2.98
-2.97
-2.98
-2.97
-3
-2.96
-3.01
-2.96
-2.95
-2.96
-2.94
-2.95
-2.95
-2.95
-2.96
-2.95
-2.94
-2.91
-2.94
-2.92
-2.94
-2.91
-2.93
-2.93
-2.92
-2.94
-2.92
-2.94
-2.92
-2.93
-2.88
-3.03
-2.92
-2.93
-2.92
-2.9
-2.94
-2.93
-2.92
-2.92
-2.93
-2.95
-2.92
-2.9
-2.93
-2.9
-2.93
-2.94
-2.89
-2.93
-2.91
-2.94
-2.9
-2.93
-2.92
-2.93
-2.92
-2.92
-2.93
-2.92
-2.98
-2.91
-2.98
-2.88
-2.95
-2.9
-2.92
-2.91
-2.95
-2.9
-2.9
-2.89
-2.93
-2.91
-2.93
-2.96
-2.95
-2.89
-2.95
-2.94
-2.91
-2.92
-2.93
-2.94
-2.95
-2.96
-2.91
-2.98
-2.94
-2.93
-2.98
-2.99
-2.97
-2.98
-2.97
-3.01
-2.97
-3
-3
-2.99
-3.01
-2.98
-3
-2.99
-3.01
-3
-2.99
-3.02
-3
-3.04
-3.01
-3.05
-3.05
-3.04
-3.02
-3.03
-3.05
-3.08
-3.06
-3.07
-3.06
-3.11
-3.08
-3.1
-3.06
-3.12
-3.1
-3.11
-3.12
-3.1
-3.12
-3.14
-3.12
-3.14
-3.11
-3.14
-3.14
-3.17
-3.17
-3.17
-3.21
-3.19
-3.21
-3.22
-3.22
-3.22
-3.22
-3.23
-3.22
-3.26
-3.26
-3.28
-3.26
-3.3
-3.28
-3.29
-3.3
-3.31
-3.31
-3.32
-3.33
-3.35
-3.34
-3.34
-3.34
-3.37
-3.36
-3.39
-3.38
-3.38
-3.42
-3.42
-3.44
-3.42
-3.42
-3.44
-3.42
-3.46
-3.49
-3.47
-3.47
-3.49
-3.49
-3.51
-3.52
-3.52
-3.53
-3.54
-3.51
-3.55
-3.55
-3.56
-3.56
-3.58
-3.58
-3.6
-3.58
-3.59
-3.59
-3.62
-3.61
-3.62
-3.66
-3.67
-3.66
-3.67
-3.68
-3.69
-3.7
-3.68
-3.68
-3.72
-3.71
-3.74
-3.75
-3.74
-3.76
-3.77
-3.76
-3.79
-3.76
-3.79
-3.78
-3.79
-3.81
-3.81
-3.81
-3.82
-3.83
-3.83
-3.83
-3.84
-3.84
-3.87
-3.86
-3.88
-3.87
-3.89
-3.88
-3.89
-3.89
-3.9
-3.91
-3.92
-3.91
-3.92
-3.92
-3.94
-3.94
-3.94
-3.93
-3.94
-3.93
-3.96
-3.95
-3.97
-3.98
-3.97
-3.98
-3.96
-3.99
-3.98
-4
-3.99
-3.99
-3.99
-3.99
-4.01
-4.01
-4.02
-4.02
-4.01
-4.04
-4.02
-4.02
-4.03
-4.03
-4.02
-4.02
-4.05
-4.04
-4.03
-4.02
-4.01
-4.03
-4.02
-4
-4
-4.01
-4
-4
-4.02
-4.01
-4.02
-4.02
-4.02
-4.03
-4.01
-4.03
-4.02
-4.02
-4.02
-4.01
-4.02
-4.02
-4.31
-4.04
-4.01
-4
-4.01
-3.99
-4.01
-4.01
-3.99
-4
-4
-4.02
-3.99
-4.01
-4
-4
-4.02
-3.99
-4
-3.99
-4
-4
-4
-4.01
-3.98
-4.01
-4
-3.98
-4.08
-3.97
-3.98
-3.99
-3.99
-3.98
-3.99
-3.99
-3.98
-3.99
-3.98
-3.99
-3.96
-3.96
-3.96
-3.95
-3.97
-3.95
-3.97
-3.98
-3.94
-3.95
-3.97
-3.95
-3.98
-3.95
-3.96
-3.96
-3.96
-3.95
-3.97
-3.97
-3.98
-3.95
-3.98
-3.96
-3.94
-3.96
-3.95
-3.96
-3.94
-3.95
-3.96
-3.97
-3.92
-3.95
-3.94
-3.94
-3.94
-3.93
-3.92
-3.92
-3.9
-3.93
-3.93
-3.92
-3.93
-3.89
-3.94
-3.95
-3.94
-3.94
-3.93
-3.92
-3.93
-3.93
-3.9
-3.94
-3.87
-3.89
-3.92
-3.89
-3.9
-3.9
-3.88
-3.89
-3.86
-3.87
-3.87
-3.84
-3.66
-3.85
-3.87
-3.86
-3.88
-3.91
-3.83
-3.88
-3.82
-3.89
-3.85
-3.83
-3.85
-3.85
-3.85
-3.8
-3.83
-3.95
-3.8
-3.81
-3.76
-3.81
-3.76
-3.79
-3.77
-3.74
-3.78
-3.73
-3.75
-3.67
-3.73
-3.67
-3.71
-3.73
-3.71
-3.7
-3.72
-3.65
-3.71
-3.67
-3.67
-3.66
-3.64
-3.67
-3.65
-3.64
-3.59
-3.57
-3.65
-3.6
-3.65
-3.58
-3.59
-3.61
-3.58
-3.6
-3.57
-3.59
-3.52
-3.54
-3.54
-3.55
-3.53
-3.54
-3.51
-3.56
-3.5
-3.54
-3.51
-3.52
-3.52
-3.52
-3.52
-3.53
-3.49
-3.54
-3.58
-3.53
-3.56
-3.54
-3.57
-3.58
-3.54
-3.57
-3.58
-3.55
-3.62
-3.61
-3.62
-3.6
-3.63
-3.62
-3.63
-3.63
-3.63
-3.62
-3.65
-3.65
-3.64
-3.66
-3.67
-3.66
-3.67
-3.69
-3.71
-3.7
-3.72
-3.72
-3.72
-3.72
-3.73
-3.73
-3.74
-3.76
-3.78
-3.78
-3.77
-3.78
-3.8
-3.79
-3.81
-3.81
-3.82
-3.83
-3.83
-3.84
-3.86
-3.86
-3.87
-3.87
-3.88
-3.9
-3.9
-3.9
-3.92
-3.91
-3.93
-3.94
-3.93
-3.95
-3.97
-3.96
-3.97
-3.97
-3.98
-3.99
-4
-4.01
-4
-4.03
-4.03
-4.04
-4.03
-4.05
-4.06
-4.05
-4.08
-4.07
-4.1
-4.09
-4.11
-4.11
-4.11
-4.12
-4.14
-4.13
-4.13
-4.16
-4.15
-4.16
-4.14
-4.15
-4.17
-4.19
-4.18
-4.19
-4.2
-4.2
-4.22
-4.21
-4.23
-4.23
-4.23
-4.24
-4.24
-4.25
-4.25
-4.27
-4.26
-4.27
-4.26
-4.28
-4.28
-4.28
-4.28
-4.31
-4.3
-4.31
-4.32
-4.32
-4.31
-4.31
-4.33
-4.33
-4.34
-4.33
-4.33
-4.34
-4.34
-4.36
-4.37
-4.35
-4.36
-4.37
-4.36
-4.38
-4.37
-4.38
-4.37
-4.38
-4.37
-4.37
-4.38
-4.39
-4.38
-4.38
-4.39
-4.4
-4.4
-4.4
-4.4
-4.41
-4.39
-4.39
-4.41
-4.4
-4.4
-4.4
-4.41
-4.4
-4.4
-4.42
-4.4
-4.41
-4.41
-4.41
-4.4
-4.46
-4.44
-4.42
-4.43
-4.43
-4.43
-4.42
-4.42
-4.42
-4.42
-4.41
-4.39
-4.4
-4.39
-4.37
-4.4
-4.35
-4.36
-4.34
-4.33
-4.33
-4.29
-4.31
-4.35
-4.31
-4.33
-4.32
-4.38
-4.3
-4.34
-4.33
-4.31
-4.35
-4.32
-4.32
-4.33
-4.33
-4.33
-4.32
-4.36
-4.31
-4.31
-4.33
-4.33
-4.32
-4.32
-4.31
-4.31
-4.32
-4.31
-4.31
-4.32
-4.31
-4.31
-4.32
-4.31
-4.31
-4.31
-4.33
-4.31
-4.3
-4.31
-4.31
-4.3
-4.28
-4.32
-4.32
-4.3
-4.3
-4.31
-4.29
-4.31
-4.31
-4.28
-4.3
-4.3
-4.28
-4.27
-4.28
-4.26
-4.28
-4.28
-4.25
-4.25
-4.27
-4.23
-4.27
-4.26
-4.25
-4.24
-4.23
-4.23
-4.22
-4.25
-4.26
-4.24
-4.25
-4.26
-4.22
-4.22
-4.3
-4.21
-4.27
-4.2
-4.22
-4.22
-4.21
-4.19
-4.21
-4.17
-4.21
-4.13
-4.13
-4.16
-4.12
-4.12
-4.14
-4.12
-4.1
-4.08
-4.14
-4.14
-4.1
-4.1
-4.1
-4.1
-4.08
-4.08
-4.16
-4.01
-4.01
-3.97
-3.98
-3.96
-4
-3.88
-3.96
-3.95
-3.89
-3.92
-3.89
-3.85
-3.8
-3.84
-3.78
-3.81
-3.79
-3.62
-3.67
-3.65
-3.63
-3.6
-3.58
-3.56
-3.55
-3.51
-3.49
-3.52
-3.47
-3.44
-3.36
-3.45
-3.41
-3.41
-3.36
-3.3
-3.36
-3.31
-3.41
-3.25
-3.34
-3.27
-3.28
-3.29
-3.27
-3.24
-3.31
-3.26
-3.23
-3.18
-3.27
-3.18
-3.25
-3.18
-3.23
-3.18
-3.24
-3.21
-3.2
-3.21
-3.22
-3.22
-3.25
-3.19
-3.23
-3.2
-3.25
-3.13
-3.24
-3.21
-3.13
-3.12
-3.23
-3.12
-3.26
-3.18
-3.26
-3.16
-3.24
-3.19
-3.21
-3.22
-3.21
-3.25
-3.22
-3.25
-3.23
-3.23
-3.25
-3.24
-3.29
-3.25
-3.29
-3.25
-3.3
-3.19
-3.32
-3.29
-3.33
-3.31
-3.32
-3.33
-3.33
-3.32
-3.35
-3.37
-3.35
-3.37
-3.35
-3.38
-3.39
-3.39
-3.4
-3.41
-3.41
-3.42
-3.42
-3.44
-3.45
-3.44
-3.46
-3.47
-3.49
-3.5
-3.49
-3.51
-3.52
-3.52
-3.53
-3.53
-3.53
-3.54
-3.55
-3.57
-3.56
-3.59
-3.58
-3.59
-3.59
-3.61
-3.6
-3.62
-3.62
-3.61
-3.62
-3.65
-3.66
-3.65
-3.66
-3.69
-3.68
-3.68
-3.69
-3.7
-3.71
-3.71
-3.71
-3.72
-3.72
-3.74
-3.74
-3.75
-3.77
-3.76
-3.77
-3.77
-3.78
-3.77
-3.79
-3.78
-3.8
-3.82
-3.81
-3.82
-3.83
-3.85
-3.83
-3.84
-3.85
-3.85
-3.88
-3.86
-3.87
-3.88
-3.88
-3.89
-3.89
-3.89
-3.9
-3.9
-3.9
-3.89
-3.9
-3.88
-3.92
-3.92
-3.88
-3.91
-3.92
-3.93
-3.91
-3.92
-3.94
-3.94
-3.92
-3.94
-3.93
-3.92
-3.95
-3.93
-3.96
-3.93
-3.94
-3.94
-3.96
-3.96
-3.94
-3.95
-3.93
-3.94
-4.03
-4.24
-3.98
-3.92
-3.94
-3.93
-3.94
-3.95
-3.93
-3.94
-3.95
-3.92
-3.95
-3.93
-3.96
-3.93
-3.93
-3.96
-3.96
-3.93
-3.93
-3.92
-3.94
-3.94
-3.95
-3.93
-3.91
-3.89
-3.91
-3.89
-3.88
-3.88
-3.87
-3.87
-3.87
-3.89
-3.85
-3.86
-3.87
-3.85
-3.87
-3.88
-3.83
-3.85
-3.75
-3.85
-3.87
-3.84
-3.87
-3.85
-3.87
-3.82
-3.87
-3.83
-3.87
-3.82
-3.83
-3.84
-3.83
-3.83
-3.84
-3.82
-3.82
-3.81
-3.79
-3.8
-3.79
-3.79
-3.79
-3.78
-3.8
-3.76
-3.82
-3.74
-3.79
-3.79
-3.77
-3.79
-3.78
-3.78
-3.78
-3.77
-3.77
-3.77
-3.77
-3.75
-3.76
-3.77
-3.76
-3.72
-3.77
-3.73
-3.74
-3.74
-3.75
-3.74
-3.76
-3.74
-3.74
-3.72
-3.74
-3.73
-3.68
-3.73
-3.7
-3.73
-3.72
-3.67
-3.66
-3.69
-3.73
-3.7
-3.71
-3.72
-3.72
-3.71
-3.67
-3.67
-3.76
-3.73
-3.68
-3.69
-3.72
-3.67
-3.7
-3.69
-3.69
-3.66
-3.7
-3.58
-3.67
-3.67
-3.6
-3.62
-3.62
-3.59
-3.59
-3.57
-3.61
-3.54
-3.55
-3.6
-3.58
-3.59
-3.58
-3.59
-3.58
-3.54
-3.56
-3.55
-3.55
-3.54
-3.57
-3.52
-3.53
-3.47
-3.61
-3.52
-3.48
-3.5
-3.52
-3.57
-3.51
-3.55
-3.54
-3.57
-3.51
-3.57
-3.57
-3.55
-3.47
-3.53
-3.5
-3.56
-3.53
-3.6
-3.52
-3.53
-3.48
-3.52
-3.43
-3.44
-3.45
-3.43
-3.43
-3.4
-3.4
-3.36
-3.35
-3.27
-3.28
-3.3
-3.27
-3.29
-3.3
-3.24
-3.34
-3.33
-3.26
-3.37
-3.25
-3.34
-3.3
-3.33
-3.28
-3.32
-3.33
-3.33
-3.32
-3.33
-3.33
-3.32
-3.33
-3.33
-3.26
-3.37
-3.28
-3.29
-3.3
-3.29
-3.32
-3.25
-3.34
-3.29
-3.31
-3.32
-3.33
-3.33
-3.35
-3.33
-3.37
-3.36
-3.3
-3.42
-3.38
-3.4
-3.38
-3.4
-3.41
-3.41
-3.42
-3.44
-3.42
-3.45
-3.45
-3.46
-3.46
-3.47
-3.45
-3.48
-3.47
-3.47
-3.51
-3.5
-3.51
-3.51
-3.5
-3.51
-3.53
-3.55
-3.54
-3.56
-3.55
-3.55
-3.56
-3.56
-3.55
-3.58
-3.59
-3.61
-3.61
-3.62
-3.64
-3.62
-3.63
-3.65
-3.64
-3.66
-3.64
-3.67
-3.67
-3.67
-3.67
-3.7
-3.72
-3.71
-3.7
-3.72
-3.73
-3.73
-3.78
-3.74
-3.76
-3.77
-3.79
-3.77
-3.78
-3.8
-3.78
-3.8
-3.81
-3.83
-3.83
-3.83
-3.85
-3.86
-3.84
-3.87
-3.86
-3.88
-3.86
-3.89
-3.87
-3.89
-3.89
-3.92
-3.91
-3.93
-3.92
-3.93
-3.95
-3.93
-3.95
-3.95
-3.96
-3.97
-3.97
-3.97
-4
-3.98
-3.99
-3.99
-4
-4
-4.01
-4.02
-4.02
-4
-4.03
-4.01
-4.02
-4.03
-4.03
-4.04
-4.05
-4.06
-4.05
-4.06
-4.04
-4.05
-4.06
-4.07
-4.06
-4.07
-4.07
-4.07
-4.08
-4.07
-4.08
-4.07
-4.03
-4.09
-4.1
-4.09
-4.09
-4.07
-4.07
-4.08
-4.08
-4.09
-4.07
-4.09
-4.07
-4.07
-4.06
-4.05
-4.05
-4.06
-4.06
-4.08
-4.05
-4.08
-4.04
-4.05
-4.04
-4.03
-4.05
-4.04
-4.08
-4.03
-4.04
-4.07
-4.08
-4.04
-4.05
-3.99
-4.05
-4
-4
-4.02
-3.99
-4.01
-4.01
-3.98
-4.01
-3.99
-4.02
-4
-4.01
-4.01
-4
-4.01
-3.99
-4.01
-3.98
-4.03
-4
-4.01
-3.99
-4
-4
-4
-3.99
-4
-4
-4.01
-3.99
-3.99
-3.99
-3.99
-4
-3.99
-3.99
-3.95
-4.01
-3.97
-3.99
-4.02
-3.96
-3.98
-3.99
-3.96
-4.01
-3.95
-3.96
-3.98
-3.98
-3.95
-3.98
-3.97
-3.96
-3.98
-3.96
-3.96
-3.95
-3.95
-3.94
-3.96
-3.96
-3.96
-3.95
-3.93
-3.95
-3.91
-3.94
-3.93
-3.93
-3.92
-3.93
-3.91
-3.92
-3.89
-3.89
-3.9
-3.86
-3.86
-3.88
-3.87
-3.86
-3.87
-3.87
-3.87
-3.82
-3.88
-3.83
-3.85
-3.83
-3.84
-3.8
-3.83
-3.74
-3.83
-3.82
-3.84
-3.73
-3.81
-3.73
-3.79
-3.72
-3.71
-3.71
-3.78
-3.68
-3.72
-3.73
-3.71
-3.71
-3.76
-3.65
-3.73
-3.86
-3.72
-3.77
-3.66
-3.74
-3.74
-3.64
-3.69
-3.74
-3.68
-3.65
-3.68
-3.62
-3.66
-3.61
-3.71
-3.68
-3.66
-3.67
-3.68
-3.67
-3.66
-3.66
-3.66
-3.59
-3.65
-3.55
-3.61
-3.58
-3.56
-3.59
-3.57
-3.56
-3.59
-3.58
-3.53
-3.52
-3.61
-3.56
-3.58
-3.59
-3.56
-3.56
-3.53
-3.57
-3.57
-3.56
-3.55
-3.55
-3.53
-3.52
-3.6
-3.54
-3.57
-3.59
-3.55
-3.6
-3.57
-3.54
-3.58
-3.59
-3.6
-3.57
-3.58
-3.61
-3.6
-3.57
-3.6
-3.54
-3.61
-3.57
-3.63
-3.62
-3.59
-3.61
-3.61
-3.64
-3.68
-3.62
-3.65
-3.67
-3.64
-3.68
-3.66
-3.66
-3.69
-3.68
-3.72
-3.69
-3.72
-3.71
-3.73
-3.72
-3.75
-3.73
-3.77
-3.74
-3.75
-3.78
-3.79
-3.79
-3.78
-3.8
-3.81
-3.79
-3.83
-3.82
-3.84
-3.84
-3.84
-3.87
-3.84
-3.85
-3.88
-3.86
-3.89
-3.89
-3.89
-3.91
-3.91
-3.92
-3.93
-3.95
-3.96
-3.96
-3.98
-3.98
-3.98
-3.95
-3.99
-3.99
-4.03
-4.03
-4.03
-4.05
-4.04
-4.06
-4.05
-4.07
-4.06
-4.07
-4.04
-4.1
-4.11
-4.12
-4.12
-4.12
-4.13
-4.14
-4.13
-4.14
-4.14
-4.16
-4.18
-4.15
-4.17
-4.19
-4.19
-4.2
-4.21
-4.22
-4.21
-4.22
-4.23
-4.23
-4.25
-4.26
-4.26
-4.25
-4.25
-4.29
-4.28
-4.28
-4.3
-4.29
-4.3
-4.31
-4.31
-4.33
-4.32
-4.34
-4.33
-4.32
-4.34
-4.35
-4.35
-4.36
-4.35
-4.36
-4.35
-4.37
-4.34
-4.38
-4.37
-4.37
-4.38
-4.39
-4.39
-4.38
-4.39
-4.39
-4.4
-4.41
-4.4
-4.41
-4.42
-4.4
-4.4
-4.41
-4.41
-4.41
-4.43
-4.41
-4.45
-4.43
-4.43
-4.45
-4.44
-4.44
-4.45
-4.44
-4.43
-4.43
-4.41
-4.43
-4.42
-4.42
-4.43
-4.44
-4.42
-4.4
-4.42
-4.41
-4.42
-4.4
-4.4
-4.39
-4.4
-4.43
-4.41
-4.41
-4.4
-4.39
-4.4
-4.4
-4.4
-4.43
-4.4
-4.4
-4.4
-4.41
-4.4
-4.42
-4.4
-4.38
-4.4
-4.4
-4.38
-4.41
-4.37
-4.4
-4.42
-4.38
-4.39
-4.39
-4.39
-4.4
-4.4
-4.38
-4.4
-4.4
-4.4
-4.4
-4.4
-4.38
-4.39
-4.39
-4.38
-4.4
-4.41
-4.37
-4.39
-4.35
-4.34
-4.34
-4.34
-4.32
-4.32
-4.32
-4.3
-4.33
-4.32
-4.32
-4.34
-4.32
-4.33
-4.32
-4.31
-4.29
-4.27
-4.3
-4.27
-4.26
-4.27
-4.28
-4.27
-4.23
-4.3
-4.23
-4.24
-4.27
-4.22
-4.22
-4.25
-4.22
-4.18
-4.17
-4.14
-4.14
-4.11
-4.11
-4.1
-4.06
-4.05
-4.05
-4.03
-3.96
-4.07
-4.03
-4.02
-4.05
-4.02
-3.99
-3.98
-4.06
-4.03
-4.02
-4.02
-4.02
-4.02
-4.02
-4.01
-4.04
-4
-4.03
-4.01
-3.99
-3.96
-4.01
-4
-3.9
-3.94
-3.93
-4
-3.98
-3.95
-3.9
-3.92
-3.94
-3.88
-3.86
-3.91
-3.94
-3.86
-3.94
-3.91
-3.83
-3.86
-3.86
-3.84
-3.84
-3.8
-3.88
-3.82
-3.83
-3.79
-3.79
-3.83
-3.8
-3.75
-3.78
-3.8
-3.78
-3.83
-3.73
-3.77
-3.78
-3.74
-3.78
-3.73
-3.77
-3.7
-3.8
-3.76
-3.78
-3.69
-3.74
-3.67
-3.72
-3.74
-3.65
-3.63
-3.76
-3.67
-3.68
-3.68
-3.58
-3.65
-3.63
-3.63
-3.58
-3.66
-3.56
-3.61
-3.5
-3.62
-3.52
-3.61
-3.58
-3.55
-3.58
-3.58
-3.56
-3.57
-3.57
-3.65
-3.55
-3.66
-3.61
-3.67
-3.65
-3.65
-3.63
-3.68
-3.62
-3.65
-3.68
-3.64
-3.66
-3.66
-3.67
-3.71
-3.68
-3.71
-3.67
-3.72
-3.66
-3.72
-3.73
-3.73
-3.72
-3.76
-3.75
-3.77
-3.74
-3.77
-3.76
-3.79
-3.78
-3.82
-3.8
-3.81
-3.83
-3.82
-3.8
-3.85
-3.84
-3.85
-3.88
-3.88
-3.86
-3.89
-3.88
-3.9
-3.9
-3.92
-3.9
-3.93
-3.93
-3.94
-3.94
-3.95
-3.96
-3.97
-3.97
-3.99
-3.98
-3.99
-4.01
-4
-4
-4.01
-4.02
-4.04
-4.04
-4.04
-4.04
-4.08
-4.08
-4.08
-4.08
-4.11
-4.1
-4.12
-4.13
-4.13
-4.13
-4.13
-4.17
-4.15
-4.17
-4.17
-4.18
-4.18
-4.16
-4.17
-4.19
-4.2
-4.23
-4.22
-4.22
-4.24
-4.24
-4.25
-4.26
-4.26
-4.27
-4.27
-4.29
-4.29
-4.29
-4.3
-4.32
-4.31
-4.33
-4.32
-4.34
-4.34
-4.35
-4.36
-4.37
-4.37
-4.37
-4.38
-4.33
-4.39
-4.4
-4.4
-4.39
-4.4
-4.4
-4.4
-4.41
-4.39
-4.41
-4.41
-4.41
-4.41
-4.42
-4.43
-4.41
-4.41
-4.41
-4.43
-4.43
-4.43
-4.43
-4.43
-4.44
-4.43
-4.45
-4.43
-4.44
-4.43
-4.48
-4.46
-4.44
-4.44
-4.46
-4.45
-4.43
-4.44
-4.4
-4.39
-4.4
-4.4
-4.36
-4.34
-4.32
-4.28
-4.35
-4.3
-4.3
-4.24
-4.25
-4.28
-4.24
-4.19
-4.23
-4.25
-4.21
-4.22
-4.25
-4.22
-4.25
-4.26
-4.25
-4.19
-4.24
-4.25
-4.21
-4.23
-4.22
-4.23
-4.23
-4.21
-4.21
-4.2
-4.21
-4.2
-4.21
-4.21
-4.2
-4.22
-4.21
-4.21
-4.2
-4.2
-4.18
-4.2
-4.21
-4.19
-4.19
-4.2
-4.18
-4.21
-4.18
-4.22
-4.18
-4.18
-4.22
-4.18
-4.18
-4.21
-4.18
-4.17
-4.27
-4.2
-4.19
-4.14
-4.19
-4.15
-4.18
-4.18
-4.15
-4.17
-4.18
-4.15
-4.17
-4.17
-4.16
-4.16
-4.17
-4.16
-4.15
-4.17
-4.14
-4.18
-4.13
-4.16
-4.17
-4.16
-4.18
-4.14
-4.15
-4.15
-4.16
-4.13
-4.13
-4.27
-4.12
-4.16
-4.03
-4.14
-4.11
-4.13
-4.12
-4.11
-4.1
-4.1
-4.12
-4.1
-4.1
-4.1
-4.1
-4.12
-4.11
-4.1
-4.11
-4.11
-4.12
-4.11
-4.07
-4.12
-4.09
-4.06
-4.08
-4.09
-4.04
-4.07
-4.04
-4.06
-4.09
-4.03
-4.07
-4.05
-4.03
-4.09
-4
-4.02
-4.09
-4
-4.05
-4.05
-4.02
-4.02
-4.02
-4.09
-4.03
-4.06
-4.02
-4.02
-3.98
-4.03
-4.09
-3.95
-4
-3.99
-3.98
-3.98
-3.93
-3.9
-3.89
-3.99
-3.98
-3.89
-3.91
-3.85
-3.93
-3.94
-3.89
-3.85
-3.89
-3.87
-3.81
-3.88
-3.97
-3.76
-3.8
-3.75
-3.8
-3.75
-3.76
-3.75
-3.68
-3.68
-3.66
-3.73
-3.61
-3.69
-3.6
-3.58
-3.61
-3.67
-3.69
-3.64
-3.63
-3.63
-3.64
-3.59
-3.59
-3.61
-3.61
-3.63
-3.62
-3.62
-3.61
-3.57
-3.61
-3.55
-3.61
-3.56
-3.59
-3.58
-3.58
-3.64
-3.57
-3.56
-3.55
-3.58
-3.57
-3.56
-3.6
-3.57
-3.59
-3.56
-3.6
-3.58
-3.58
-3.53
-3.63
-3.55
-3.59
-3.63
-3.58
-3.62
-3.63
-3.63
-3.63
-3.63
-3.66
-3.64
-3.71
-3.65
-3.71
-3.69
-3.69
-3.69
-3.7
-3.73
-3.69
-3.71
-3.72
-3.74
-3.72
-3.73
-3.75
-3.75
-3.77
-3.76
-3.79
-3.8
-3.79
-3.81
-3.81
-3.8
-3.82
-3.76
-3.81
-3.86
-3.84
-3.8
-3.87
-3.86
-3.87
-3.89
-3.9
-3.89
-3.89
-3.91
-3.91
-3.92
-3.94
-3.95
-3.96
-3.95
-3.95
-3.96
-3.97
-3.98
-3.97
-4
-4
-3.99
-4
-4.02
-4.03
-4.03
-4.04
-4.05
-4.07
-4.08
-4.09
-4.07
-4.08
-4.1
-4.11
-4.11
-4.12
-4.12
-4.14
-4.14
-4.13
-4.14
-4.16
-4.16
-4.16
-4.16
-4.16
-4.17
-4.18
-4.18
-4.19
-4.22
-4.21
-4.23
-4.24
-4.23
-4.23
-4.25
-4.24
-4.27
-4.27
-4.26
-4.27
-4.28
-4.29
-4.29
-4.29
-4.27
-4.29
-4.29
-4.3
-4.31
-4.3
-4.29
-4.31
-4.3
-4.31
-4.29
-4.31
-4.31
-4.32
-4.34
-4.32
-4.34
-4.33
-4.33
-4.33
-4.35
-4.4
-4.36
-4.37
-4.35
-4.35
-4.35
-4.34
-4.34
-4.32
-4.36
-4.35
-4.33
-4.34
-4.29
-4.29
-4.31
-4.33
-4.31
-4.3
-4.3
-4.3
-4.35
-4.48
-4.35
-4.33
-4.31
-4.39
-4.32
-4.3
-4.31
-4.3
-4.32
-4.3
-4.31
-4.3
-4.31
-4.3
-4.3
-4.31
-4.32
-4.32
-4.32
-4.32
-4.4
-4.32
-4.32
-4.32
-4.29
-4.32
-4.31
-4.32
-4.32
-4.33
-4.32
-4.31
-4.31
-4.33
-4.32
-4.31
-4.33
-4.3
-4.33
-4.32
-4.31
-4.33
-4.32
-4.33
-4.32
-4.31
-4.32
-4.31
-4.31
-4.32
-4.31
-4.32
-4.31
-4.31
-4.31
-4.29
-4.31
-4.32
-4.28
-4.32
-4.31
-4.32
-4.31
-4.31
-4.32
-4.32
-4.32
-4.32
-4.31
-4.3
-4.31
-4.31
-4.3
-4.32
-4.3
-4.3
-4.31
-4.3
-4.3
-4.31
-4.28
-4.3
-4.33
-4.28
-4.3
-4.29
-4.29
-4.26
-4.26
-4.29
-4.29
-4.27
-4.3
-4.29
-4.29
-4.3
-4.31
-4.3
-4.3
-4.32
-4.29
-4.3
-4.3
-4.3
-4.26
-4.3
-4.27
-4.3
-4.29
-4.29
-4.29
-4.28
-4.28
-4.27
-4.26
-4.28
-4.26
-4.29
-4.25
-4.25
-4.25
-4.25
-4.25
-4.27
-4.27
-4.25
-4.26
-4.25
-4.25
-4.25
-4.24
-4.22
-4.23
-4.21
-4.26
-4.26
-4.26
-4.22
-4.24
-4.21
-4.17
-4.2
-4.17
-4.19
-4.18
-4.21
-4.22
-4.19
-4.21
-4.21
-4.19
-4.23
-4.21
-4.18
-4.24
-4.22
-4.21
-4.22
-4.25
-4.21
-4.26
-4.23
-4.24
-4.25
-4.26
-4.24
-4.25
-4.27
-4.24
-4.24
-4.26
-4.24
-4.27
-4.27
-4.3
-4.28
-4.3
-4.3
-4.3
-4.32
-4.31
-4.32
-4.34
-4.36
-4.32
-4.35
-4.36
-4.32
-4.36
-4.34
-4.38
-4.38
-4.39
-4.38
-4.4
-4.4
-4.39
-4.4
-4.4
-4.42
-4.42
-4.43
-4.43
-4.43
-4.45
-4.46
-4.44
-4.46
-4.48
-4.47
-4.47
-4.48
-4.51
-4.51
-4.48
-4.51
-4.52
-4.52
-4.52
-4.53
-4.54
-4.52
-4.56
-4.57
-4.58
-4.58
-4.57
-4.59
-4.59
-4.6
-4.6
-4.61
-4.63
-4.61
-4.64
-4.64
-4.66
-4.66
-4.65
-4.68
-4.68
-4.68
-4.67
-4.71
-4.7
-4.72
-4.71
-4.71
-4.72
-4.74
-4.71
-4.77
-4.76
-4.78
-4.78
-4.8
-4.79
-4.81
-4.81
-4.82
-4.82
-4.83
-4.84
-4.84
-4.85
-4.87
-4.86
-4.88
-4.89
-4.89
-4.9
-4.9
-4.91
-4.93
-4.9
-4.93
-4.95
-4.94
-4.95
-4.91
-4.95
-4.98
-4.98
-4.99
-4.99
-5.01
-5.02
-5.02
-5.02
-5.05
-5.04
-5.05
-5.04
-5.05
-5.06
-5.07
-5.07
-5.08
-5.08
-5.1
-5.09
-5.1
-5.11
-5.11
-5.12
-5.14
-5.13
-5.13
-5.13
-5.14
-5.14
-5.14
-5.16
-5.16
-5.16
-5.16
-5.17
-5.17
-5.18
-5.18
-5.18
-5.2
-5.18
-5.19
-5.2
-5.2
-5.2
-5.22
-5.21
-5.21
-5.22
-5.21
-5.22
-5.22
-5.24
-5.24
-5.23
-5.23
-5.22
-5.24
-5.23
-5.22
-5.21
-5.21
-5.22
-5.22
-5.23
-5.24
-5.22
-5.24
-5.2
-5.23
-5.19
-5.19
-5.18
-5.15
-5.12
-5.13
-5.15
-5.15
-5.15
-5.12
-5.12
-5.13
-5.12
-5.13
-5.12
-5.08
-5.11
-5.14
-5.13
-5.13
-5.15
-5.13
-5.13
-5.14
-5.14
-5.14
-5.13
-5.15
-5.15
-5.15
-5.14
-5.14
-5.14
-5.14
-5.14
-5.13
-5.13
-5.14
-5.15
-5.14
-5.14
-5.15
-5.15
-5.14
-5.15
-5.15
-5.15
-5.15
-5.14
-5.15
-5.15
-5.13
-5.15
-5.16
-5.15
-5.14
-5.14
-5.14
-5.15
-5.14
-5.2
-5.16
-5.16
-5.15
-5.15
-5.15
-5.16
-5.17
-5.15
-5.14
-5.14
-5.14
-5.15
-5.14
-5.15
-5.14
-5.15
-5.13
-5.16
-5.14
-5.15
-5.14
-5.14
-5.13
-5.15
-5.13
-5.15
-5.14
-5.13
-5.14
-5.14
-5.14
-5.15
-5.16
-5.15
-5.14
-5.15
-5.16
-5.14
-5.14
-5.15
-5.13
-5.13
-5.13
-5.13
-5.12
-5.12
-5.13
-5.17
-5.14
-5.13
-5.12
-5.14
-5.15
-5.18
-5.14
-5.13
-5.14
-5.19
-5.19
-5.13
-5.13
-5.14
-5.14
-5.13
-5.17
-5.16
-5.13
-5.14
-5.18
-5.12
-5.15
-5.13
-5.13
-5.13
-5.14
-5.15
-5.13
-5.13
-5.12
-5.15
-5.13
-5.14
-5.13
-5.13
-5.11
-5.13
-5.13
-5.14
-5.19
-5.15
-5.12
-5.13
-5.13
-5.12
-5.12
-5.05
-5.11
-5.11
-5.11
-5.11
-5.12
-5.11
-5.09
-5.09
-5.07
-5.04
-5.05
-5.06
-5.03
-5.06
-5.05
-5.05
-5.07
-5.05
-5.13
-5.06
-5.03
-5.03
-5.03
-5.04
-5.03
-5.05
-5.05
-5.05
-5.04
-5.05
-5.03
-5.05
-5.04
-5.05
-5.04
-5.06
-5.05
-5.08
-5.06
-5.06
-5.06
-5.05
-5.07
-5.06
-5.07
-5.07
-5.08
-5.08
-5.06
-5.07
-5.07
-5.08
-5.09
-5.1
-5.11
-5.1
-5.12
-5.12
-5.15
-5.12
-5.12
-5.12
-5.14
-5.15
-5.14
-5.15
-5.15
-5.15
-5.17
-5.17
-5.18
-5.18
-5.16
-5.19
-5.19
-5.19
-5.19
-5.21
-5.2
-5.22
-5.21
-5.19
-5.23
-5.23
-5.22
-5.25
-5.25
-5.25
-5.26
-5.25
-5.26
-5.26
-5.26
-5.27
-5.29
-5.29
-5.31
-5.3
-5.29
-5.31
-5.32
-5.33
-5.33
-5.34
-5.35
-5.36
-5.36
-5.37
-5.38
-5.38
-5.39
-5.38
-5.39
-5.4
-5.4
-5.42
-5.42
-5.42
-5.42
-5.44
-5.44
-5.45
-5.45
-5.46
-5.46
-5.46
-5.48
-5.48
-5.49
-5.51
-5.52
-5.51
-5.51
-5.52
-5.53
-5.53
-5.53
-5.54
-5.55
-5.55
-5.56
-5.56
-5.57
-5.57
-5.58
-5.58
-5.58
-5.59
-5.57
-5.6
-5.6
-5.61
-5.62
-5.62
-5.63
-5.63
-5.62
-5.64
-5.64
-5.64
-5.65
-5.65
-5.66
-5.65
-5.67
-5.67
-5.7
-5.68
-5.67
-5.69
-5.7
-5.7
-5.7
-5.7
-5.72
-5.72
-5.7
-5.7
-5.7
-5.69
-5.7
-5.69
-5.69
-5.69
-5.69
-5.69
-5.69
-5.7
-5.7
-5.7
-5.71
-5.71
-5.71
-5.72
-5.71
-5.71
-5.72
-5.72
-5.72
-5.72
-5.73
-5.72
-5.73
-5.73
-5.73
-5.73
-5.7
-5.68
-5.67
-5.68
-5.66
-5.62
-5.61
-5.62
-5.63
-5.58
-5.6
-5.58
-5.54
-5.51
-5.53
-5.51
-5.5
-5.51
-5.51
-5.51
-5.51
-5.51
-5.52
-5.55
-5.52
-5.5
-5.51
-5.52
-5.54
-5.53
-5.53
-5.51
-5.51
-5.52
-5.52
-5.52
-5.52
-5.51
-5.51
-5.51
-5.52
-5.52
-5.51
-5.51
-5.51
-5.52
-5.52
-5.52
-5.52
-5.52
-5.52
-5.51
-5.51
-5.51
-5.52
-5.51
-5.52
-5.51
-5.51
-5.5
-5.5
-5.49
-5.5
-5.5
-5.5
-5.49
-5.5
-5.5
-5.49
-5.5
-5.49
-5.51
-5.53
-5.5
-5.49
-5.47
-5.48
-5.47
-5.47
-5.47
-5.47
-5.47
-5.49
-5.48
-5.47
-5.47
-5.47
-5.47
-5.46
-5.47
-5.48
-5.48
-5.47
-5.47
-5.46
-5.46
-5.47
-5.47
-5.45
-5.45
-5.46
-5.45
-5.45
-5.44
-5.46
-5.45
-5.44
-5.44
-5.45
-5.44
-5.45
-5.44
-5.45
-5.45
-5.44
-5.43
-5.45
-5.45
-5.47
-5.42
-5.44
-5.45
-5.44
-5.43
-5.43
-5.43
-5.41
-5.43
-5.43
-5.42
-5.43
-5.41
-5.42
-5.41
-5.4
-5.39
-5.4
-5.44
-5.38
-5.39
-5.41
-5.44
-5.48
-5.51
-5.45
-5.38
-5.38
-5.38
-5.4
-5.39
-5.39
-5.37
-5.39
-5.38
-5.35
-5.35
-5.37
-5.37
-5.31
-5.33
-5.29
-5.27
-5.29
-5.29
-5.3
-5.22
-5.22
-5.22
-5.22
-5.25
-5.21
-5.21
-5.23
-5.2
-5.21
-5.19
-5.18
-5.16
-5.15
-5.13
-5.11
-5.14
-5.12
-5.1
-5.13
-5.09
-5.05
-5.05
-5.1
-5.09
-5.09
-5.06
-5.01
-5.05
-5.05
-5.02
-5.01
-5
-4.97
-5.02
-5.02
-4.98
-4.97
-4.98
-5.01
-5
-5.02
-5
-5.02
-5.01
-4.98
-5
-5.03
-5.04
-5
-5.02
-5.02
-5.01
-5.03
-5.05
-5.06
-5.07
-5.06
-5.05
-5.06
-5.08
-5.07
-5.09
-5.1
-5.1
-5.11
-5.11
-5.12
-5.12
-5.13
-5.14
-5.15
-5.15
-5.15
-5.16
-5.18
-5.18
-5.19
-5.18
-5.21
-5.2
-5.21
-5.22
-5.22
-5.25
-5.24
-5.25
-5.25
-5.25
-5.27
-5.27
-5.28
-5.29
-5.31
-5.3
-5.32
-5.32
-5.33
-5.33
-5.34
-5.37
-5.36
-5.34
-5.37
-5.38
-5.38
-5.39
-5.35
-5.4
-5.41
-5.42
-5.42
-5.43
-5.44
-5.45
-5.45
-5.47
-5.48
-5.49
-5.49
-5.5
-5.51
-5.51
-5.51
-5.52
-5.52
-5.55
-5.54
-5.55
-5.55
-5.57
-5.57
-5.57
-5.58
-5.6
-5.59
-5.6
-5.59
-5.61
-5.62
-5.62
-5.62
-5.65
-5.65
-5.66
-5.65
-5.66
-5.67
-5.67
-5.68
-5.69
-5.68
-5.69
-5.7
-5.71
-5.71
-5.71
-5.71
-5.72
-5.73
-5.74
-5.76
-5.74
-5.75
-5.76
-5.78
-5.77
-5.76
-5.76
-5.76
-5.77
-5.77
-5.77
-5.78
-5.78
-5.77
-5.79
-5.79
-5.81
-5.79
-5.8
-5.81
-5.83
-5.82
-5.81
-5.82
-5.83
-5.83
-5.83
-5.82
-5.84
-5.85
-5.83
-5.84
-5.83
-5.83
-5.83
-5.82
-5.8
-5.79
-5.75
-5.74
-5.68
-5.75
-5.76
-5.76
-5.77
-5.83
-5.77
-5.76
-5.77
-5.72
-5.68
-5.69
-5.67
-5.68
-5.67
-5.67
-5.68
-5.68
-5.68
-5.69
-5.68
-5.67
-5.68
-5.68
-5.68
-5.68
-5.68
-5.69
-5.68
-5.68
-5.7
-5.69
-5.7
-5.69
-5.69
-5.69
-5.69
-5.69
-5.69
-5.69
-5.7
-5.69
-5.7
-5.7
-5.69
-5.69
-5.69
-5.71
-5.71
-5.7
-5.7
-5.71
-5.7
-5.7
-5.69
-5.7
-5.7
-5.7
-5.7
-5.7
-5.7
-5.69
-5.69
-5.69
-5.69
-5.69
-5.7
-5.69
-5.7
-5.7
-5.69
-5.68
-5.69
-5.7
-5.69
-5.68
-5.68
-5.69
-5.69
-5.68
-5.69
-5.68
-5.68
-5.68
-5.68
-5.69
-5.69
-5.68
-5.68
-5.68
-5.68
-5.67
-5.67
-5.67
-5.67
-5.67
-5.66
-5.66
-5.69
-5.68
-5.67
-5.67
-5.67
-5.66
-5.66
-5.67
-5.66
-5.67
-5.67
-5.62
-5.67
-5.67
-5.68
-5.74
-5.69
-5.67
-5.68
-5.67
-5.66
-5.66
-5.66
-5.65
-5.66
-5.67
-5.65
-5.65
-5.66
-5.66
-5.65
-5.64
-5.65
-5.65
-5.65
-5.7
-5.65
-5.65
-5.75
-5.66
-5.64
-5.63
-5.63
-5.64
-5.62
-5.6
-5.58
-5.59
-5.58
-5.6
-5.63
-5.6
-5.6
-5.57
-5.59
-5.59
-5.59
-5.6
-5.59
-5.57
-5.56
-5.55
-5.55
-5.57
-5.56
-5.55
-5.53
-5.51
-5.55
-5.62
-5.53
-5.62
-5.48
-5.49
-5.46
-5.47
-5.44
-5.44
-5.45
-5.44
-5.42
-5.4
-5.38
-5.35
-5.38
-5.33
-5.32
-5.3
-5.31
-5.32
-5.34
-5.31
-5.28
-5.27
-5.25
-5.32
-5.32
-5.31
-5.3
-5.29
-5.28
-5.31
-5.35
-5.3
-5.31
-5.3
-5.3
-5.3
-5.27
-5.31
-5.34
-5.32
-5.29
-5.3
-5.31
-5.33
-5.32
-5.33
-5.3
-5.32
-5.33
-5.34
-5.35
-5.35
-5.36
-5.37
-5.36
-5.37
-5.38
-5.37
-5.39
-5.44
-5.4
-5.4
-5.41
-5.41
-5.42
-5.42
-5.43
-5.44
-5.44
-5.45
-5.44
-5.45
-5.47
-5.49
-5.49
-5.51
-5.51
-5.52
-5.53
-5.52
-5.53
-5.53
-5.55
-5.55
-5.56
-5.56
-5.57
-5.57
-5.59
-5.58
-5.59
-5.6
-5.6
-5.62
-5.62
-5.6
-5.64
-5.65
-5.65
-5.67
-5.66
-5.7
-5.66
-5.68
-5.69
-5.69
-5.71
-5.72
-5.73
-5.72
-5.75
-5.74
-5.75
-5.76
-5.75
-5.74
-5.75
-5.77
-5.77
-5.78
-5.8
-5.81
-5.82
-5.82
-5.83
-5.83
-5.84
-5.83
-5.85
-5.86
-5.87
-5.87
-5.87
-5.87
-5.88
-5.89
-5.87
-5.88
-5.9
-5.91
-5.93
-5.92
-5.93
-5.94
-5.93
-5.94
-5.95
-5.95
-5.95
-5.97
-5.97
-5.97
-5.98
-5.97
-5.98
-5.98
-5.98
-5.98
-5.99
-6
-6
-6.01
-6.01
-6.01
-6.02
-6
-6.01
-5.99
-6
-6.01
-6.01
-6.01
-6.02
-6.01
-6.02
-6.02
-6.02
-6.03
-6.03
-6.03
-6.04
-6.03
-6.03
-6.06
-6.04
-6.03
-6.04
-6.04
-6.05
-6.07
-6.04
-6.04
-6.05
-6.03
-6.01
-6.01
-6.02
-6.01
-6.03
-5.98
-5.98
-5.98
-5.98
-5.97
-5.96
-5.95
-5.91
-5.93
-5.9
-5.92
-5.92
-5.93
-5.94
-5.9
-5.92
-5.92
-5.92
-5.93
-5.93
-5.92
-5.93
-5.93
-5.92
-5.93
-5.93
-5.9
-5.92
-5.92
-5.92
-5.93
-5.92
-5.92
-5.93
-5.93
-5.93
-5.92
-5.92
-5.93
-5.92
-5.93
-5.92
-5.93
-5.92
-5.92
-5.92
-5.92
-5.93
-5.92
-5.93
-5.92
-5.92
-5.91
-5.94
-5.93
-5.92
-5.92
-5.92
-5.91
-5.92
-5.92
-5.92
-5.92
-5.93
-5.91
-5.91
-5.89
-5.9
-5.9
-5.9
-5.9
-5.91
-5.91
-5.9
-5.91
-5.9
-5.9
-5.91
-5.91
-5.91
-5.91
-5.91
-5.91
-5.9
-5.9
-5.9
-5.92
-5.93
-5.91
-5.89
-5.91
-5.9
-5.91
-5.9
-5.9
-5.9
-5.89
-5.9
-5.91
-5.9
-5.9
-5.9
-5.95
-5.99
-5.99
-5.9
-5.89
-5.89
-5.88
-5.89
-5.9
-5.97
-5.99
-5.9
-5.89
-5.89
-5.89
-5.89
-5.89
-5.88
-5.89
-5.9
-5.89
-6
-5.94
-5.89
-5.89
-5.96
-5.9
-5.88
-5.88
-5.88
-5.83
-5.86
-5.88
-5.87
-5.88
-5.93
-5.91
-5.88
-5.83
-5.88
-5.88
-5.89
-5.88
-5.88
-5.87
-5.87
-5.86
-5.87
-5.85
-5.81
-5.79
-5.73
-5.72
-5.7
-5.68
-5.63
-5.61
-5.58
-5.58
-5.59
-5.55
-5.54
-5.56
-5.54
-5.52
-5.52
-5.52
-5.46
-5.49
-5.44
-5.49
-5.51
-5.47
-5.47
-5.43
-5.41
-5.46
-5.44
-5.43
-5.38
-5.41
-5.41
-5.39
-5.38
-5.39
-5.4
-5.4
-5.41
-5.42
-5.39
-5.41
-5.4
-5.36
-5.41
-5.4
-5.4
-5.44
-5.43
-5.43
-5.42
-5.41
-5.42
-5.41
-5.45
-5.44
-5.48
-5.45
-5.51
-5.46
-5.47
-5.48
-5.47
-5.47
-5.51
-5.5
-5.49
-5.49
-5.5
-5.51
-5.52
-5.54
-5.54
-5.49
-5.52
-5.54
-5.55
-5.56
-5.56
-5.56
-5.57
-5.57
-5.57
-5.62
-5.61
-5.61
-5.61
-5.63
-5.63
-5.64
-5.65
-5.64
-5.66
-5.66
-5.67
-5.67
-5.68
-5.68
-5.72
-5.69
-5.69
-5.71
-5.71
-5.74
-5.73
-5.73
-5.73
-5.73
-5.74
-5.74
-5.75
-5.75
-5.77
-5.78
-5.76
-5.79
-5.78
-5.81
-5.81
-5.83
-5.82
-5.83
-5.84
-5.84
-5.86
-5.87
-5.86
-5.87
-5.88
-5.88
-5.89
-5.89
-5.89
-5.91
-5.91
-5.93
-5.93
-5.93
-5.94
-5.95
-5.96
-5.97
-5.97
-5.98
-5.99
-5.99
-5.99
-5.99
-6
-6
-6.01
-6.02
-6.03
-6.04
-6.06
-6.05
-6.06
-6.04
-5.99
-6.04
-6.06
-6.07
-6.07
-6.08
-6.09
-6.09
-6.09
-6.1
-6.1
-6.1
-6.1
-6.1
-6.11
-6.11
-6.12
-6.13
-6.14
-6.13
-6.14
-6.17
-6.15
-6.15
-6.15
-6.14
-6.16
-6.16
-6.16
-6.16
-6.18
-6.17
-6.18
-6.19
-6.19
-6.21
-6.21
-6.23
-6.21
-6.19
-6.19
-6.19
-6.19
-6.19
-6.18
-6.18
-6.2
-6.19
-6.19
-6.19
-6.19
-6.19
-6.16
-6.17
-6.16
-6.16
-6.15
-6.16
-6.16
-6.15
-6.15
-6.15
-6.16
-6.15
-6.15
-6.16
-6.16
-6.15
-6.18
-6.15
-6.12
-6.07
-6.08
-6.07
-6.07
-6.07
-6.07
-6.08
-6.07
-6.08
-6.07
-6.07
-6.07
-6.06
-6.05
-6.06
-6.05
-6.05
-6.05
-6.05
-6.05
-6.05
-6.05
-6.06
-6.09
-6.05
-6.04
-6.04
-6.03
-6.02
-6.02
-6.02
-6.03
-6.03
-6
-6.01
-6.01
-5.99
-5.94
-5.92
-5.91
-5.92
-5.91
-5.91
-5.91
-5.89
-5.89
-5.89
-5.9
-5.9
-5.9
-5.9
-5.9
-5.89
-5.9
-5.9
-5.92
-5.96
-5.96
-5.92
-5.9
-5.88
-5.87
-5.86
-5.88
-5.87
-5.87
-5.87
-5.88
-5.89
-5.88
-5.87
-5.88
-5.87
-5.88
-5.86
-5.86
-5.83
-5.81
-5.8
-5.79
-5.78
-5.76
-5.72
-5.76
-5.76
-5.74
-5.75
-5.73
-5.72
-5.73
-5.73
-5.73
-5.71
-5.73
-5.7
-5.76
-5.74
-5.71
-5.71
-5.71
-5.68
-5.71
-5.67
-5.65
-5.67
-5.64
-5.64
-5.65
-5.67
-5.69
-5.65
-5.65
-5.69
-5.7
-5.6
-5.65
-5.63
-5.65
-5.64
-5.63
-5.65
-5.78
-5.64
-5.61
-5.64
-5.65
-5.61
-5.62
-5.62
-5.61
-5.6
-5.75
-5.6
-5.6
-5.61
-5.61
-5.6
-5.59
-5.59
-5.59
-5.58
-5.57
-5.55
-5.6
-5.55
-5.54
-5.56
-5.55
-5.61
-5.57
-5.55
-5.55
-5.53
-5.54
-5.53
-5.55
-5.53
-5.52
-5.54
-5.51
-5.5
-5.51
-5.52
-5.49
-5.5
-5.51
-5.48
-5.49
-5.48
-5.45
-5.45
-5.47
-5.5
-5.5
-5.49
-5.48
-5.48
-5.48
-5.49
-5.49
-5.49
-5.51
-5.49
-5.48
-5.48
-5.45
-5.46
-5.47
-5.47
-5.43
-5.46
-5.46
-5.45
-5.44
-5.37
-5.45
-5.44
-5.44
-5.45
-5.44
-5.45
-5.42
-5.46
-5.48
-5.47
-5.48
-5.47
-5.48
-5.49
-5.47
-5.47
-5.48
-5.49
-5.49
-5.49
-5.49
-5.49
-5.49
-5.48
-5.47
-5.52
-5.5
-5.52
-5.5
-5.52
-5.54
-5.51
-5.52
-5.54
-5.55
-5.55
-5.56
-5.56
-5.56
-5.55
-5.55
-5.57
-5.57
-5.56
-5.59
-5.6
-5.59
-5.57
-5.59
-5.6
-5.6
-5.61
-5.63
-5.63
-5.62
-5.63
-5.62
-5.64
-5.65
-5.64
-5.64
-5.63
-5.66
-5.67
-5.66
-5.67
-5.67
-5.66
-5.67
-5.68
-5.68
-5.68
-5.69
-5.69
-5.68
-5.7
-5.7
-5.71
-5.71
-5.71
-5.69
-5.71
-5.72
-5.73
-5.74
-5.72
-5.73
-5.73
-5.74
-5.75
-5.76
-5.76
-5.75
-5.76
-5.75
-5.76
-5.78
-5.77
-5.77
-5.79
-5.81
-5.8
-5.84
-5.81
-5.79
-5.8
-5.82
-5.8
-5.79
-5.8
-5.81
-5.8
-5.81
-5.81
-5.83
-5.82
-5.83
-5.83
-5.83
-5.84
-5.84
-5.84
-5.83
-5.84
-5.84
-5.85
-5.86
-5.86
-5.86
-5.89
-5.95
-6.01
-5.92
-5.88
-5.86
-5.86
-5.87
-5.87
-5.87
-5.87
-5.86
-5.87
-5.88
-5.87
-5.87
-5.92
-5.99
-5.89
-5.88
-5.87
-5.87
-5.84
-5.87
-5.89
-5.87
-5.88
-5.87
-5.87
-5.88
-5.88
-5.88
-5.88
-5.88
-5.87
-5.85
-5.82
-5.77
-5.77
-5.77
-5.77
-5.77
-5.77
-5.76
-5.77
-5.77
-5.76
-5.75
-5.76
-5.77
-5.76
-5.76
-5.76
-5.76
-5.75
-5.74
-5.74
-5.75
-5.77
-5.75
-5.73
-5.73
-5.68
-5.7
-5.7
-5.74
-5.69
-5.71
-5.65
-5.64
-5.64
-5.64
-5.64
-5.63
-5.63
-5.63
-5.64
-5.64
-5.64
-5.64
-5.64
-5.64
-5.64
-5.64
-5.64
-5.63
-5.64
-5.63
-5.63
-5.63
-5.64
-5.63
-5.63
-5.63
-5.63
-5.61
-5.62
-5.61
-5.62
-5.62
-5.61
-5.61
-5.62
-5.61
-5.61
-5.61
-5.62
-5.62
-5.61
-5.61
-5.6
-5.6
-5.6
-5.6
-5.6
-5.59
-5.58
-5.56
-5.57
-5.57
-5.53
-5.59
-5.55
-5.54
-5.56
-5.56
-5.56
-5.56
-5.55
-5.56
-5.54
-5.55
-5.55
-5.54
-5.54
-5.54
-5.57
-5.55
-5.55
-5.55
-5.54
-5.54
-5.53
-5.53
-5.55
-5.53
-5.54
-5.54
-5.55
-5.55
-5.53
-5.51
-5.53
-5.53
-5.54
-5.53
-5.52
-5.51
-5.49
-5.49
-5.46
-5.46
-5.47
-5.42
-5.46
-5.49
-5.48
-5.41
-5.45
-5.44
-5.44
-5.44
-5.45
-5.45
-5.43
-5.44
-5.44
-5.44
-5.62
-5.43
-5.43
-5.43
-5.43
-5.45
-5.44
-5.44
-5.43
-5.42
-5.5
-5.47
-5.44
-5.43
-5.44
-5.44
-5.45
-5.42
-5.41
-5.4
-5.41
-5.4
-5.39
-5.4
-5.41
-5.42
-5.41
-5.41
-5.46
-5.44
-5.45
-5.47
-5.46
-5.44
-5.46
-5.45
-5.44
-5.43
-5.44
-5.43
-5.42
-5.45
-5.42
-5.44
-5.44
-5.42
-5.41
-5.43
-5.43
-5.43
-5.45
-5.47
-5.45
-5.46
-5.45
-5.45
-5.44
-5.47
-5.45
-5.46
-5.48
-5.45
-5.45
-5.45
-5.47
-5.47
-5.5
-5.47
-5.47
-5.5
-5.5
-5.5
-5.5
-5.5
-5.52
-5.51
-5.52
-5.5
-5.51
-5.52
-5.52
-5.52
-5.53
-5.55
-5.55
-5.56
-5.55
-5.54
-5.56
-5.57
-5.57
-5.56
-5.59
-5.58
-5.58
-5.59
-5.58
-5.6
-5.59
-5.59
-5.61
-5.6
-5.61
-5.62
-5.63
-5.62
-5.62
-5.62
-5.64
-5.65
-5.66
-5.67
-5.66
-5.69
-5.7
-5.67
-5.69
-5.69
-5.7
-5.71
-5.72
-5.71
-5.72
-5.72
-5.73
-5.73
-5.75
-5.73
-5.73
-5.77
-5.76
-5.76
-5.77
-5.78
-5.77
-5.78
-5.78
-5.79
-5.8
-5.8
-5.81
-5.81
-5.82
-5.82
-5.82
-5.81
-5.82
-5.85
-5.82
-5.84
-5.83
-5.84
-5.84
-5.86
-5.86
-5.85
-5.87
-5.87
-5.88
-5.88
-5.88
-5.89
-5.89
-5.9
-5.9
-5.9
-5.91
-5.9
-5.91
-5.91
-5.92
-5.93
-5.92
-5.93
-5.93
-5.94
-5.94
-5.95
-5.94
-5.98
-5.95
-5.94
-5.95
-5.97
-5.95
-5.94
-5.91
-5.91
-5.91
-5.92
-5.92
-5.93
-5.9
-5.93
-5.93
-5.92
-5.92
-5.92
-5.91
-5.88
-5.88
-5.86
-5.82
-5.78
-5.75
-5.76
-5.77
-5.76
-5.75
-5.76
-5.75
-5.77
-5.75
-5.76
-5.76
-5.76
-5.77
-5.77
-5.82
-5.75
-5.75
-5.76
-5.75
-5.74
-5.76
-5.75
-5.75
-5.75
-5.76
-5.76
-5.76
-5.74
-5.75
-5.74
-5.74
-5.72
-5.7
-5.69
-5.68
-5.68
-5.69
-5.68
-5.68
-5.67
-5.68
-5.69
-5.67
-5.67
-5.68
-5.67
-5.67
-5.68
-5.67
-5.66
-5.66
-5.66
-5.66
-5.63
-5.61
-5.59
-5.59
-5.6
-5.6
-5.59
-5.59
-5.59
-5.59
-5.59
-5.59
-5.59
-5.58
-5.58
-5.59
-5.58
-5.59
-5.58
-5.58
-5.58
-5.58
-5.59
-5.56
-5.59
-5.59
-5.61
-5.61
-5.58
-5.59
-5.58
-5.57
-5.57
-5.57
-5.57
-5.57
-5.59
-5.59
-5.58
-5.57
-5.56
-5.57
-5.58
-5.58
-5.57
-5.56
-5.55
-5.56
-5.54
-5.51
-5.54
-5.51
-5.52
-5.52
-5.51
-5.53
-5.52
-5.52
-5.55
-5.54
-5.63
-5.51
-5.5
-5.47
-5.48
-5.47
-5.47
-5.48
-5.48
-5.46
-5.45
-5.42
-5.45
-5.45
-5.45
-5.45
-5.43
-5.43
-5.44
-5.43
-5.44
-5.46
-5.44
-5.44
-5.43
-5.43
-5.44
-5.47
-5.42
-5.45
-5.44
-5.45
-5.44
-5.44
-5.46
-5.44
-5.45
-5.45
-5.42
-5.44
-5.42
-5.45
-5.41
-5.41
-5.42
-5.41
-5.4
-5.38
-5.4
-5.42
-5.42
-5.41
-5.42
-5.42
-5.44
-5.41
-5.39
-5.42
-5.4
-5.42
-5.41
-5.38
-5.42
-5.39
-5.38
-5.38
-5.39
-5.37
-5.37
-5.37
-5.47
-5.49
-5.45
-5.45
-5.45
-5.36
-5.36
-5.35
-5.35
-5.38
-5.44
-5.4
-5.39
-5.32
-5.33
-5.32
-5.28
-5.32
-5.32
-5.31
-5.3
-5.3
-5.46
-5.34
-5.32
-5.31
-5.32
-5.32
-5.32
-5.33
-5.33
-5.34
-5.31
-5.36
-5.33
-5.33
-5.32
-5.34
-5.34
-5.36
-5.37
-5.39
-5.35
-5.35
-5.39
-5.36
-5.36
-5.37
-5.37
-5.39
-5.38
-5.43
-5.42
-5.41
-5.41
-5.42
-5.42
-5.42
-5.4
-5.42
-5.44
-5.44
-5.45
-5.44
-5.45
-5.46
-5.46
-5.47
-5.44
-5.48
-5.48
-5.49
-5.48
-5.49
-5.5
-5.5
-5.5
-5.51
-5.49
-5.51
-5.52
-5.54
-5.53
-5.53
-5.55
-5.56
-5.55
-5.55
-5.55
-5.57
-5.57
-5.59
-5.6
-5.62
-5.61
-5.61
-5.61
-5.61
-5.64
-5.63
-5.62
-5.63
-5.64
-5.65
-5.64
-5.66
-5.65
-5.67
-5.68
-5.67
-5.65
-5.67
-5.68
-5.69
-5.69
-5.71
-5.71
-5.71
-5.74
-5.73
-5.73
-5.73
-5.73
-5.75
-5.74
-5.74
-5.75
-5.75
-5.75
-5.75
-5.75
-5.76
-5.77
-5.77
-5.76
-5.76
-5.76
-5.76
-5.77
-5.78
-5.78
-5.78
-5.77
-5.78
-5.78
-5.78
-5.78
-5.79
-5.79
-5.78
-5.79
-5.8
-5.79
-5.79
-5.8
-5.8
-5.81
-5.81
-5.82
-5.82
-5.81
-5.81
-5.82
-5.83
-5.84
-5.84
-5.83
-5.84
-5.83
-5.82
-5.84
-5.84
-5.84
-5.84
-5.84
-5.84
-5.85
-5.85
-5.84
-5.85
-5.85
-5.84
-5.84
-5.85
-5.84
-5.84
-5.85
-5.82
-5.81
-5.78
-5.78
-5.76
-5.75
-5.75
-5.75
-5.76
-5.76
-5.76
-5.75
-5.76
-5.75
-5.74
-5.72
-5.71
-5.71
-5.71
-5.73
-5.72
-5.7
-5.66
-5.65
-5.64
-5.65
-5.65
-5.64
-5.63
-5.63
-5.63
-5.62
-5.63
-5.63
-5.63
-5.63
-5.62
-5.61
-5.66
-5.65
-5.6
-5.59
-5.59
-5.61
-5.59
-5.6
-5.43
-5.58
-5.57
-5.59
-5.57
-5.57
-5.57
-5.56
-5.56
-5.57
-5.57
-5.56
-5.57
-5.56
-5.57
-5.56
-5.56
-5.58
-5.55
-5.55
-5.56
-5.55
-5.6
-5.59
-5.53
-5.53
-5.53
-5.53
-5.53
-5.52
-5.53
-5.5
-5.49
-5.5
-5.49
-5.51
-5.5
-5.51
-5.49
-5.48
-5.48
-5.54
-5.45
-5.44
-5.34
-5.43
-5.41
-5.46
-5.43
-5.41
-5.39
-5.4
-5.39
-5.39
-5.38
-5.39
-5.39
-5.38
-5.39
-5.39
-5.36
-5.33
-5.36
-5.37
-5.35
-5.35
-5.35
-5.34
-5.32
-5.32
-5.32
-5.3
-5.36
-5.3
-5.28
-5.32
-5.31
-5.3
-5.28
-5.3
-5.31
-5.29
-5.32
-5.28
-5.29
-5.29
-5.31
-5.31
-5.28
-5.29
-5.27
-5.25
-5.24
-5.26
-5.22
-5.22
-5.24
-5.2
-5.23
-5.2
-5.17
-5.22
-5.17
-5.17
-5.16
-5.12
-5.13
-5.11
-5.04
-5.04
-5.04
-5.05
-4.95
-4.98
-4.95
-4.93
-4.85
-4.89
-4.86
-4.86
-4.87
-4.84
-4.77
-4.78
-4.74
-4.75
-4.73
-4.7
-4.73
-4.73
-4.7
-4.64
-4.64
-4.63
-4.68
-4.66
-4.66
-4.68
-4.61
-4.63
-4.62
-4.6
-4.63
-4.64
-4.64
-4.62
-4.63
-4.62
-4.58
-4.59
-4.58
-4.61
-4.6
-4.58
-4.57
-4.53
-4.59
-4.55
-4.54
-4.53
-4.56
-4.57
-4.54
-4.56
-4.59
-4.54
-4.54
-4.59
-4.58
-4.58
-4.57
-4.6
-4.56
-4.59
-4.58
-4.61
-4.55
-4.6
-4.57
-4.62
-4.59
-4.55
-4.6
-4.62
-4.62
-4.6
-4.62
-4.64
-4.66
-4.64
-4.65
-4.68
-4.66
-4.67
-4.66
-4.63
-4.64
-4.66
-4.61
-4.69
-4.71
-4.7
-4.7
-4.71
-4.71
-4.73
-4.74
-4.71
-4.73
-4.75
-4.76
-4.74
-4.75
-4.76
-4.77
-4.78
-4.75
-4.78
-4.79
-4.8
-4.81
-4.82
-4.78
-4.82
-4.81
-4.83
-4.83
-4.84
-4.85
-4.85
-4.85
-4.84
-4.85
-4.86
-4.87
-4.88
-4.88
-4.88
-4.89
-4.89
-4.9
-4.91
-4.91
-4.91
-4.93
-4.91
-4.92
-4.93
-4.94
-4.94
-4.94
-4.95
-4.96
-4.95
-4.97
-4.96
-4.97
-4.98
-4.98
-4.99
-4.98
-5
-4.99
-5
-5.01
-5
-5.01
-5.01
-5.03
-5.02
-5.03
-5.05
-5.05
-5.04
-5.05
-5.06
-5.05
-5.05
-5.07
-5.05
-5.07
-5.07
-5.07
-5.07
-5.08
-5.07
-5.08
-5.08
-5.08
-5.09
-5.1
-5.09
-5.1
-5.1
-5.11
-5.1
-5.1
-5.1
-5.1
-5.1
-5.11
-5.11
-5.12
-5.12
-4.83
-5.09
-5.12
-5.13
-5.12
-5.13
-5.13
-5.13
-5.13
-5.13
-5.13
-5.13
-5.14
-5.13
-5.14
-5.13
-5.13
-5.14
-5.14
-5.14
-5.14
-5.14
-5.14
-5.13
-5.14
-5.13
-5.14
-5.15
-5.14
-5.14
-5.13
-5.14
-5.16
-5.19
-5.14
-5.14
-5.15
-5.14
-5.14
-5.14
-5.13
-5.13
-5.14
-5.13
-5.14
-5.13
-5.14
-5.12
-5.12
-5.12
-5.12
-5.11
-5.11
-5.12
-5.11
-5.1
-5.12
-5.09
-5.1
-5.11
-5.11
-5.12
-5.11
-5.16
-5.11
-5.09
-5.11
-5.11
-5.1
-5.11
-5.12
-5.1
-5.11
-5.11
-5.11
-5.11
-5.11
-5.09
-5.09
-5.1
-5.1
-5.08
-5.08
-5.06
-5.05
-5.04
-5.03
-5.04
-5.02
-5.03
-4.99
-5.02
-5.03
-5.04
-5.02
-5
-5.02
-5.02
-5.01
-5
-5.02
-5.02
-5.03
-5.03
-5
-5.02
-5.02
-5
-5.01
-5.02
-4.99
-5
-4.98
-4.96
-4.96
-4.98
-4.97
-4.95
-5
-4.96
-4.99
-4.96
-5.01
-5.07
-4.97
-4.98
-4.97
-4.97
-4.97
-4.96
-4.97
-4.96
-5
-4.97
-5.01
-5.08
-4.97
-4.97
-4.96
-4.96
-4.94
-4.96
-4.92
-4.95
-4.96
-4.96
-4.94
-4.92
-4.94
-4.93
-4.91
-4.95
-4.93
-4.99
-4.94
-4.95
-4.95
-4.95
-4.95
-4.94
-4.96
-4.96
-4.95
-5
-4.97
-4.97
-4.97
-4.94
-4.93
-4.98
-4.93
-4.94
-4.91
-4.91
-4.91
-4.93
-4.91
-4.9
-4.88
-4.89
-4.9
-4.91
-4.92
-4.91
-4.9
-4.87
-4.87
-4.96
-4.9
-4.88
-4.9
-4.91
-4.9
-4.91
-4.91
-4.86
-4.89
-4.9
-4.91
-4.91
-4.9
-4.91
-4.89
-5.01
-4.9
-4.92
-4.92
-4.92
-4.92
-4.9
-4.9
-4.94
-4.92
-4.95
-4.93
-4.92
-4.93
-4.93
-4.93
-4.94
-4.93
-4.93
-4.94
-5.02
-4.98
-4.96
-4.96
-4.97
-4.97
-4.97
-4.98
-4.99
-4.98
-4.99
-5.03
-5.01
-5.01
-5.01
-5.02
-5.06
-5.03
-5.03
-5.02
-5.04
-5.02
-5.04
-5.05
-5.07
-5.07
-5.07
-5.08
-5.06
-5.09
-5.09
-5.1
-5.1
-5.11
-5.1
-5.12
-5.15
-5.14
-5.15
-5.15
-5.15
-5.16
-5.16
-5.17
-5.17
-5.18
-5.17
-5.18
-5.2
-5.19
-5.2
-5.2
-5.21
-5.21
-5.21
-5.21
-5.23
-5.24
-5.25
-5.25
-5.25
-5.26
-5.26
-5.26
-5.26
-5.28
-5.27
-5.29
-5.29
-5.29
-5.3
-5.31
-5.31
-5.32
-5.32
-5.32
-5.33
-5.33
-5.33
-5.34
-5.32
-5.35
-5.35
-5.36
-5.36
-5.37
-5.37
-5.38
-5.39
-5.4
-5.39
-5.4
-5.38
-5.41
-5.41
-5.41
-5.41
-5.43
-5.45
-5.44
-5.45
-5.48
-5.46
-5.46
-5.46
-5.47
-5.48
-5.47
-5.49
-5.49
-5.49
-5.49
-5.49
-5.5
-5.5
-5.51
-5.51
-5.53
-5.53
-5.54
-5.53
-5.52
-5.54
-5.54
-5.54
-5.54
-5.52
-5.55
-5.55
-5.55
-5.55
-5.55
-5.55
-5.55
-5.55
-5.56
-5.56
-5.56
-5.57
-5.56
-5.57
-5.57
-5.58
-5.57
-5.59
-5.57
-5.53
-5.58
-5.58
-5.58
-5.59
-5.61
-5.58
-5.59
-5.59
-5.58
-5.58
-5.58
-5.56
-5.57
-5.57
-5.56
-5.56
-5.57
-5.57
-5.57
-5.57
-5.58
-5.58
-5.58
-5.57
-5.58
-5.57
-5.56
-5.57
-5.52
-5.57
-5.56
-5.57
-5.57
-5.57
-5.57
-5.57
-5.56
-5.55
-5.56
-5.56
-5.57
-5.57
-5.7
-5.61
-5.57
-5.57
-5.57
-5.56
-5.55
-5.56
-5.56
-5.56
-5.56
-5.56
-5.56
-5.56
-5.56
-5.56
-5.56
-5.55
-5.55
-5.55
-5.56
-5.54
-5.55
-5.54
-5.54
-5.54
-5.54
-5.54
-5.54
-5.54
-5.54
-5.54
-5.54
-5.53
-5.54
-5.53
-5.52
-5.51
-5.5
-5.5
-5.5
-5.5
-5.5
-5.5
-5.5
-5.5
-5.5
-5.5
-5.5
-5.5
-5.5
-5.5
-5.5
-5.5
-5.5
-5.51
-5.5
-5.67
-5.5
-5.5
-5.5
-5.5
-5.49
-5.52
-5.49
-5.49
-5.49
-5.48
-5.48
-5.47
-5.47
-5.46
-5.46
-5.47
-5.38
-5.43
-5.46
-5.45
-5.46
-5.46
-5.46
-5.45
-5.45
-5.46
-5.45
-5.44
-5.44
-5.44
-5.45
-5.44
-5.44
-5.51
-5.43
-5.43
-5.42
-5.43
-5.42
-5.43
-5.42
-5.42
-5.42
-5.41
-5.41
-5.42
-5.48
-5.43
-5.42
-5.41
-5.46
-5.42
-5.43
-5.27
-5.43
-5.44
-5.42
-5.45
-5.43
-5.44
-5.42
-5.42
-5.42
-5.4
-5.38
-5.38
-5.37
-5.37
-5.37
-5.37
-5.37
-5.36
-5.35
-5.34
-5.35
-5.34
-5.34
-5.42
-5.38
-5.38
-5.37
-5.36
-5.36
-5.35
-5.37
-5.38
-5.36
-5.35
-5.36
-5.35
-5.33
-5.37
-5.38
-5.36
-5.36
-5.36
-5.36
-5.37
-5.36
-5.4
-5.38
-5.35
-5.34
-5.41
-5.33
-5.33
-5.37
-5.36
-5.37
-5.35
-5.35
-5.35
-5.36
-5.35
-5.36
-5.36
-5.36
-5.37
-5.37
-5.39
-5.38
-5.36
-5.39
-5.39
-5.4
-5.4
-5.43
-5.41
-5.39
-5.42
-5.41
-5.41
-5.43
-5.43
-5.43
-5.46
-5.44
-5.45
-5.45
-5.46
-5.42
-5.47
-5.47
-5.47
-5.47
-5.48
-5.49
-5.5
-5.49
-5.51
-5.53
-5.52
-5.52
-5.52
-5.53
-5.53
-5.54
-5.53
-5.55
-5.56
-5.56
-5.57
-5.57
-5.58
-5.57
-5.59
-5.59
-5.59
-5.6
-5.61
-5.61
-5.61
-5.59
-5.62
-5.63
-5.64
-5.64
-5.65
-5.64
-5.64
-5.65
-5.67
-5.67
-5.68
-5.68
-5.69
-5.69
-5.69
-5.7
-5.71
-5.71
-5.72
-5.72
-5.73
-5.73
-5.78
-5.75
-5.75
-5.76
-5.76
-5.76
-5.77
-5.77
-5.77
-5.78
-5.79
-5.8
-5.79
-5.8
-5.81
-5.81
-5.79
-5.81
-5.82
-5.82
-5.83
-5.86
-5.85
-5.87
-5.85
-5.86
-5.86
-5.88
-5.87
-5.88
-5.88
-5.88
-5.89
-5.89
-5.89
-5.9
-5.9
-5.9
-5.87
-5.9
-5.91
-5.91
-5.92
-5.93
-5.92
-5.92
-5.92
-5.91
-5.93
-5.93
-5.93
-5.93
-5.93
-5.93
-5.94
-5.95
-5.96
-6.1
-5.96
-5.94
-5.92
-5.94
-5.94
-5.95
-5.95
-5.95
-5.94
-5.94
-5.95
-5.95
-5.95
-5.95
-5.94
-5.95
-5.95
-5.95
-5.97
-5.96
-5.94
-5.94
-5.93
-5.93
-5.91
-5.93
-5.92
-5.91
-5.91
-5.9
-5.91
-5.91
-5.88
-5.91
-5.91
-5.91
-5.91
-5.91
-5.91
-5.91
-5.91
-5.91
-5.9
-5.91
-5.9
-5.9
-5.9
-5.9
-5.91
-5.9
-5.9
-5.9
-5.9
-5.9
-5.9
-5.9
-5.89
-5.9
-5.89
-5.87
-5.86
-5.85
-5.84
-5.82
-5.79
-5.8
-5.81
-5.79
-5.81
-5.81
-5.77
-5.81
-5.8
-5.8
-5.8
-5.8
-5.8
-5.79
-5.79
-5.79
-5.78
-5.83
-5.86
-5.79
-5.79
-5.78
-5.79
-5.78
-5.77
-5.78
-5.77
-5.76
-5.76
-5.75
-5.75
-5.75
-5.75
-5.75
-5.75
-5.75
-5.75
-5.74
-5.74
-5.74
-5.73
-5.73
-5.73
-5.74
-5.74
-5.73
-5.73
-5.73
-5.73
-5.73
-5.73
-5.72
-5.72
-5.71
-5.73
-5.72
-5.68
-5.69
-5.69
-5.69
-5.69
-5.69
-5.68
-5.68
-5.66
-5.65
-5.65
-5.64
-5.64
-5.64
-5.64
-5.64
-5.63
-5.64
-5.64
-5.64
-5.63
-5.64
-5.66
-5.87
-5.69
-5.65
-5.65
-5.61
-5.62
-5.62
-5.61
-5.61
-5.61
-5.67
-5.6
-5.6
-5.59
-5.59
-5.59
-5.59
-5.57
-5.58
-5.58
-5.58
-5.58
-5.57
-5.58
-5.58
-5.57
-5.58
-5.57
-5.57
-5.58
-5.57
-5.63
-5.59
-5.53
-5.55
-5.55
-5.59
-5.56
-5.57
-5.55
-5.55
-5.55
-5.55
-5.58
-5.67
-5.56
-5.55
-5.55
-5.55
-5.54
-5.54
-5.56
-5.55
-5.56
-5.56
-5.53
-5.56
-5.56
-5.58
-5.56
-5.57
-5.56
-5.56
-5.57
-5.57
-5.57
-5.57
-5.57
-5.56
-5.57
-5.59
-5.58
-5.58
-5.57
-5.57
-5.58
-5.57
-5.61
-5.6
-5.59
-5.58
-5.58
-5.59
-5.6
-5.61
-5.6
-5.59
-5.6
-5.6
-5.6
-5.6
-5.6
-5.61
-5.61
-5.61
-5.62
-5.61
-5.61
-5.6
-5.62
-5.62
-5.62
-5.62
-5.64
-5.63
-5.64
-5.67
-5.65
-5.65
-5.65
-5.66
-5.67
-5.66
-5.67
-5.69
-5.69
-5.7
-5.78
-5.71
-5.71
-5.71
-5.72
-5.72
-5.72
-5.73
-5.73
-5.74
-5.74
-5.75
-5.75
-5.76
-5.76
-5.76
-5.74
-5.78
-5.78
-5.79
-5.79
-5.79
-5.79
-5.8
-5.81
-5.82
-5.81
-5.81
-5.79
-5.83
-5.82
-5.85
-5.85
-5.85
-5.86
-5.86
-5.86
-5.87
-5.88
-5.88
-5.85
-5.89
-5.89
-5.89
-5.9
-5.91
-5.91
-5.91
-5.91
-5.91
-5.93
-5.93
-5.92
-5.93
-5.94
-5.94
-5.95
-5.96
-5.97
-5.97
-5.97
-5.98
-5.96
-6
-6.02
-6
-6
-6.01
-6.01
-6.01
-6.02
-6.01
-6.03
-6.03
-6.04
-6.04
-6.04
-6.04
-6.04
-6.05
-6.05
-6.05
-6.06
-6.07
-6.07
-6.07
-6.07
-6.08
-6.08
-6.08
-6.08
-6.09
-6.09
-6.08
-6.08
-6.09
-6.1
-6.1
-6.1
-6.1
-6.1
-6.1
-6.11
-6.12
-6.12
-6.13
-6.1
-6.11
-6.12
-6.12
-6.11
-6.12
-6.12
-6.12
-6.12
-6.12
-6.12
-6.12
-6.12
-6.12
-6.13
-6.13
-6.13
-6.13
-6.13
-6.13
-6.13
-6.13
-6.13
-6.14
-6.12
-6.11
-6.11
-6.11
-6.09
-6.08
-6.09
-6.07
-6.08
-6.08
-6.08
-6.08
-6.07
-6.07
-6.07
-6.06
-6.07
-6.06
-6.06
-6.06
-6.06
-6.06
-6.08
-6.1
-5.99
-6.05
-6.06
-6.27
-6.07
-6.05
-6.03
-6.03
-6.01
-6.02
-6.01
-6.01
-6.01
-6.01
-6.01
-6
-6
-6
-6
-6
-6
-6
-5.99
-5.99
-5.99
-5.98
-5.99
-5.98
-5.99
-5.98
-5.96
-6.05
-5.97
-5.95
-5.97
-5.96
-5.96
-5.96
-5.96
-5.96
-5.95
-5.94
-5.94
-5.92
-5.92
-5.92
-5.94
-5.92
-5.92
-5.91
-5.94
-5.91
-5.91
-5.91
-5.9
-5.91
-5.9
-5.9
-5.9
-5.9
-5.9
-5.89
-5.9
-5.9
-5.9
-5.89
-5.88
-5.87
-5.88
-5.88
-5.87
-5.87
-5.87
-5.88
-5.87
-5.87
-5.86
-5.86
-5.86
-5.84
-5.83
-5.83
-5.82
-5.82
-5.83
-5.83
-5.81
-5.81
-5.81
-5.82
-5.77
-5.8
-5.81
-5.82
-5.81
-5.81
-5.81
-5.79
-5.82
-5.78
-5.8
-5.77
-5.77
-5.76
-5.76
-5.75
-5.73
-5.69
-5.71
-5.72
-5.71
-5.48
-5.68
-5.71
-5.71
-5.72
-5.76
-5.71
-5.7
-5.67
-5.7
-5.69
-5.7
-5.71
-5.68
-5.67
-5.67
-5.66
-5.75
-5.64
-5.62
-5.59
-5.57
-5.55
-5.54
-5.54
-5.52
-5.53
-5.53
-5.52
-5.53
-5.48
-5.5
-5.46
-5.46
-5.46
-5.45
-5.44
-5.41
-5.4
-5.39
-5.38
-5.38
-5.36
-5.35
-5.35
-5.34
-5.29
-5.3
-5.3
-5.29
-5.32
-5.3
-5.25
-5.28
-5.27
-5.26
-5.22
-5.19
-5.15
-5.15
-5.18
-5.18
-5.19
-5.15
-5.15
-5.17
-5.15
-5.15
-5.15
-5.14
-5.13
-5.15
-5.13
-5.13
-5.12
-5.13
-5.15
-5.16
-5.16
-5.16
-5.2
-5.17
-5.15
-5.15
-5.16
-5.17
-5.17
-5.19
-5.2
-5.18
-5.19
-5.2
-5.21
-5.21
-5.19
-5.25
-5.21
-5.21
-5.2
-5.23
-5.23
-5.24
-5.24
-5.24
-5.25
-5.25
-5.25
-5.25
-5.26
-5.26
-5.27
-5.27
-5.29
-5.27
-5.29
-5.3
-5.3
-5.3
-5.31
-5.31
-5.32
-5.32
-5.33
-5.34
-5.34
-5.34
-5.35
-5.36
-5.36
-5.36
-5.37
-5.38
-5.38
-5.39
-5.39
-5.39
-5.4
-5.41
-5.42
-5.42
-5.43
-5.42
-5.43
-5.43
-5.44
-5.45
-5.45
-5.46
-5.46
-5.47
-5.47
-5.48
-5.47
-5.49
-5.49
-5.49
-5.49
-5.5
-5.51
-5.52
-5.52
-5.53
-5.53
-5.53
-5.54
-5.54
-5.54
-5.55
-5.55
-5.56
-5.55
-5.55
-5.56
-5.57
-5.56
-5.57
-5.58
-5.58
-5.59
-5.59
-5.59
-5.6
-5.6
-5.59
-5.61
-5.61
-5.61
-5.61
-5.62
-5.62
-5.62
-5.63
-5.63
-5.65
-5.66
-5.64
-5.64
-5.64
-5.64
-5.65
-5.65
-5.65
-5.65
-5.65
-5.65
-5.65
-5.65
-5.66
-5.66
-5.66
-5.67
-5.66
-5.67
-5.67
-5.66
-5.67
-5.66
-5.67
-5.67
-5.67
-5.67
-5.67
-5.67
-5.67
-5.67
-5.67
-5.68
-5.67
-5.68
-5.67
-5.67
-5.66
-5.66
-5.66
-5.68
-5.66
-5.66
-5.66
-5.66
-5.66
-5.66
-5.66
-5.65
-5.66
-5.66
-5.66
-5.66
-5.73
-5.68
-5.65
-5.66
-5.66
-5.66
-5.66
-5.65
-5.65
-5.65
-5.63
-5.63
-5.63
-5.61
-5.59
-5.59
-5.58
-5.57
-5.55
-5.54
-5.53
-5.52
-5.53
-5.53
-5.52
-5.52
-5.52
-5.54
-5.53
-5.52
-5.52
-5.52
-5.52
-5.51
-5.52
-5.51
-5.51
-5.51
-5.51
-5.55
-5.5
-5.49
-5.5
-5.5
-5.49
-5.5
-5.49
-5.49
-5.49
-5.49
-5.48
-5.48
-5.48
-5.47
-5.47
-5.47
-5.47
-5.46
-5.47
-5.48
-5.47
-5.46
-5.46
-5.48
-5.44
-5.45
-5.44
-5.45
-5.45
-5.45
-5.44
-5.44
-5.44
-5.42
-5.42
-5.42
-5.41
-5.4
-5.4
-5.4
-5.4
-5.39
-5.38
-5.37
-5.41
-5.38
-5.37
-5.37
-5.37
-5.38
-5.36
-5.36
-5.34
-5.35
-5.35
-5.35
-5.35
-5.34
-5.34
-5.32
-5.41
-5.34
-5.41
-5.32
-5.31
-5.3
-5.32
-5.28
-5.28
-5.26
-5.27
-5.24
-5.21
-5.2
-5.2
-5.19
-5.2
-5.2
-5.18
-5.14
-5.16
-5.18
-5.18
-5.16
-5.14
-5.14
-5.14
-5.13
-5.2
-5.09
-5.05
-5.02
-5.05
-5.01
-4.98
-4.93
-4.95
-4.96
-4.91
-4.91
-4.88
-4.84
-4.77
-4.8
-4.76
-4.77
-4.77
-4.63
-4.61
-4.62
-4.6
-4.56
-4.53
-4.5
-4.48
-4.45
-4.4
-4.45
-4.36
-4.35
-4.3
-4.3
-4.37
-4.3
-4.25
-4.21
-4.22
-4.22
-4.3
-4.19
-4.19
-4.19
-4.16
-4.17
-4.15
-4.12
-4.17
-4.16
-4.1
-4.03
-4.08
-4.08
-4.07
-4.05
-4.03
-4.03
-4.11
-4.02
-4.06
-4.05
-4.05
-4.08
-4.08
-4.05
-4.07
-4.04
-4.08
-4.01
-4.02
-4.06
-3.97
-3.97
-4.05
-3.97
-4.05
-4.02
-4.07
-4.02
-4.02
-4.04
-4.03
-4.02
-4.07
-4.04
-4.06
-4.07
-4.04
-4.04
-4.05
-4.04
-4.1
-4.05
-4.07
-4.07
-4.08
-3.96
-4.11
-4.09
-4.1
-4.11
-4.08
-4.13
-4.13
-4.1
-4.14
-4.16
-4.12
-4.15
-4.14
-4.15
-4.17
-4.18
-4.18
-4.18
-4.19
-4.21
-4.18
-4.2
-4.22
-4.21
-4.23
-4.22
-4.25
-4.25
-4.25
-4.25
-4.28
-4.25
-4.28
-4.28
-4.26
-4.27
-4.3
-4.3
-4.3
-4.32
-4.32
-4.32
-4.31
-4.33
-4.33
-4.33
-4.34
-4.33
-4.33
-4.36
-4.37
-4.37
-4.36
-4.39
-4.39
-4.39
-4.39
-4.41
-4.41
-4.42
-4.41
-4.42
-4.42
-4.43
-4.44
-4.44
-4.46
-4.45
-4.46
-4.46
-4.46
-4.46
-4.47
-4.47
-4.48
-4.5
-4.5
-4.5
-4.51
-4.55
-4.51
-4.52
-4.52
-4.53
-4.56
-4.53
-4.54
-4.54
-4.54
-4.55
-4.55
-4.55
-4.56
-4.55
-4.56
-4.55
-4.55
-4.55
-4.56
-4.57
-4.54
-4.55
-4.57
-4.57
-4.56
-4.56
-4.57
-4.58
-4.56
-4.57
-4.56
-4.56
-4.57
-4.56
-4.58
-4.56
-4.57
-4.57
-4.58
-4.58
-4.57
-4.56
-4.55
-4.55
-4.64
-4.86
-4.6
-4.54
-4.55
-4.55
-4.55
-4.56
-4.55
-4.55
-4.55
-4.53
-4.55
-4.53
-4.56
-4.53
-4.53
-4.56
-4.55
-4.53
-4.52
-4.51
-4.53
-4.53
-4.54
-4.52
-4.51
-4.47
-4.48
-4.49
-4.47
-4.46
-4.46
-4.46
-4.45
-4.47
-4.44
-4.43
-4.45
-4.43
-4.44
-4.45
-4.4
-4.4
-4.31
-4.41
-4.43
-4.41
-4.43
-4.42
-4.43
-4.4
-4.43
-4.38
-4.44
-4.4
-4.37
-4.4
-4.4
-4.38
-4.39
-4.38
-4.37
-4.37
-4.35
-4.35
-4.35
-4.34
-4.34
-4.33
-4.35
-4.32
-4.35
-4.31
-4.33
-4.34
-4.33
-4.33
-4.34
-4.33
-4.32
-4.31
-4.31
-4.31
-4.32
-4.29
-4.3
-4.31
-4.3
-4.25
-4.29
-4.28
-4.26
-4.27
-4.28
-4.27
-4.28
-4.28
-4.27
-4.25
-4.25
-4.27
-4.2
-4.24
-4.26
-4.23
-4.26
-4.2
-4.19
-4.22
-4.26
-4.24
-4.22
-4.24
-4.25
-4.23
-4.2
-4.2
-4.32
-4.25
-4.21
-4.2
-4.24
-4.2
-4.2
-4.21
-4.21
-4.17
-4.21
-4.11
-4.22
-4.25
-4.12
-4.11
-4.15
-4.09
-4.1
-4.08
-4.12
-4.04
-4.04
-4.11
-4.09
-4.1
-4.08
-4.08
-4.08
-4.01
-4.05
-4.04
-4.04
-4.03
-4.05
-4.02
-4
-3.96
-4.08
-4.03
-3.98
-4
-3.99
-4.05
-4
-4.02
-4.03
-4.06
-3.99
-4.04
-4.05
-4.03
-3.94
-4
-3.97
-4.03
-4
-4.07
-3.99
-3.97
-3.96
-3.96
-3.92
-3.88
-3.89
-3.9
-3.86
-3.85
-3.84
-3.81
-3.77
-3.72
-3.69
-3.75
-3.7
-3.72
-3.75
-3.67
-3.76
-3.75
-3.7
-3.79
-3.71
-3.76
-3.74
-3.79
-3.71
-3.73
-3.76
-3.78
-3.74
-3.75
-3.77
-3.75
-3.75
-3.74
-3.7
-3.76
-3.71
-3.68
-3.72
-3.68
-3.74
-3.66
-3.73
-3.71
-3.7
-3.73
-3.71
-3.75
-3.74
-3.74
-3.76
-3.77
-3.68
-3.82
-3.78
-3.79
-3.78
-3.78
-3.8
-3.8
-3.8
-3.83
-3.8
-3.83
-3.83
-3.84
-3.83
-3.85
-3.81
-3.86
-3.84
-3.83
-3.87
-3.87
-3.87
-3.88
-3.85
-3.88
-3.9
-3.9
-3.89
-3.92
-3.9
-3.9
-3.91
-3.91
-3.89
-3.92
-3.93
-3.95
-3.95
-3.95
-3.97
-3.96
-3.96
-3.97
-3.98
-3.99
-3.97
-3.99
-4
-4
-4
-4.02
-4.04
-4.04
-4.03
-4.04
-4.05
-4.05
-4.09
-4.07
-4.07
-4.08
-4.1
-4.08
-4.09
-4.1
-4.09
-4.1
-4.11
-4.13
-4.13
-4.14
-4.14
-4.16
-4.14
-4.16
-4.15
-4.16
-4.16
-4.18
-4.16
-4.18
-4.18
-4.2
-4.2
-4.2
-4.2
-4.21
-4.22
-4.21
-4.22
-4.23
-4.23
-4.24
-4.24
-4.23
-4.26
-4.25
-4.26
-4.25
-4.26
-4.26
-4.26
-4.28
-4.27
-4.26
-4.28
-4.27
-4.27
-4.28
-4.28
-4.28
-4.29
-4.3
-4.29
-4.3
-4.29
-4.3
-4.3
-4.31
-4.3
-4.3
-4.31
-4.31
-4.31
-4.31
-4.31
-4.3
-4.26
-4.32
-4.32
-4.32
-4.31
-4.29
-4.29
-4.3
-4.3
-4.3
-4.28
-4.29
-4.28
-4.27
-4.27
-4.25
-4.25
-4.26
-4.26
-4.28
-4.25
-4.27
-4.24
-4.24
-4.24
-4.23
-4.24
-4.23
-4.28
-4.22
-4.23
-4.26
-4.28
-4.23
-4.24
-4.19
-4.26
-4.19
-4.2
-4.21
-4.19
-4.2
-4.21
-4.18
-4.2
-4.19
-4.21
-4.2
-4.2
-4.2
-4.18
-4.2
-4.18
-4.19
-4.16
-4.21
-4.19
-4.19
-4.17
-4.18
-4.18
-4.18
-4.16
-4.17
-4.16
-4.18
-4.16
-4.16
-4.16
-4.16
-4.17
-4.16
-4.16
-4.12
-4.17
-4.13
-4.15
-4.19
-4.12
-4.13
-4.15
-4.12
-4.17
-4.11
-4.11
-4.13
-4.13
-4.11
-4.13
-4.12
-4.11
-4.13
-4.11
-4.11
-4.11
-4.1
-4.09
-4.12
-4.11
-4.11
-4.09
-4.07
-4.09
-4.05
-4.08
-4.08
-4.07
-4.07
-4.07
-4.05
-4.07
-4.04
-4.04
-4.04
-4.01
-4.01
-4.03
-4.01
-4
-4.01
-4.01
-4
-3.97
-4.02
-3.97
-3.98
-3.97
-3.97
-3.95
-3.96
-3.88
-3.97
-3.96
-3.99
-3.87
-3.95
-3.87
-3.92
-3.86
-3.85
-3.83
-3.91
-3.83
-3.84
-3.87
-3.84
-3.84
-3.9
-3.78
-3.85
-3.99
-3.85
-3.91
-3.8
-3.87
-3.88
-3.78
-3.82
-3.87
-3.81
-3.77
-3.81
-3.75
-3.79
-3.74
-3.84
-3.81
-3.77
-3.79
-3.8
-3.8
-3.77
-3.78
-3.77
-3.7
-3.76
-3.67
-3.72
-3.71
-3.66
-3.7
-3.69
-3.67
-3.7
-3.7
-3.64
-3.63
-3.72
-3.68
-3.69
-3.7
-3.67
-3.66
-3.65
-3.68
-3.69
-3.68
-3.66
-3.66
-3.64
-3.62
-3.7
-3.65
-3.67
-3.7
-3.66
-3.7
-3.67
-3.63
-3.67
-3.68
-3.69
-3.67
-3.66
-3.7
-3.68
-3.65
-3.68
-3.61
-3.69
-3.65
-3.7
-3.69
-3.65
-3.68
-3.69
-3.71
-3.75
-3.68
-3.72
-3.74
-3.71
-3.75
-3.73
-3.71
-3.75
-3.73
-3.79
-3.74
-3.79
-3.77
-3.79
-3.77
-3.81
-3.78
-3.83
-3.79
-3.81
-3.83
-3.84
-3.84
-3.83
-3.84
-3.85
-3.83
-3.87
-3.86
-3.88
-3.88
-3.88
-3.9
-3.87
-3.89
-3.91
-3.89
-3.92
-3.92
-3.91
-3.93
-3.93
-3.94
-3.95
-3.97
-3.97
-3.98
-3.99
-3.99
-3.99
-3.96
-4
-4
-4.03
-4.03
-4.03
-4.05
-4.04
-4.05
-4.05
-4.06
-4.06
-4.06
-4.03
-4.09
-4.1
-4.11
-4.1
-4.11
-4.12
-4.12
-4.12
-4.12
-4.12
-4.14
-4.15
-4.13
-4.15
-4.16
-4.16
-4.17
-4.17
-4.18
-4.18
-4.18
-4.19
-4.19
-4.21
-4.21
-4.22
-4.21
-4.21
-4.24
-4.23
-4.24
-4.25
-4.24
-4.25
-4.26
-4.25
-4.27
-4.26
-4.28
-4.27
-4.27
-4.28
-4.29
-4.29
-4.29
-4.28
-4.29
-4.28
-4.3
-4.27
-4.31
-4.3
-4.3
-4.3
-4.31
-4.31
-4.3
-4.31
-4.31
-4.32
-4.33
-4.32
-4.32
-4.33
-4.32
-4.32
-4.32
-4.33
-4.32
-4.33
-4.33
-4.36
-4.34
-4.34
-4.36
-4.35
-4.35
-4.36
-4.34
-4.34
-4.34
-4.31
-4.34
-4.32
-4.32
-4.33
-4.34
-4.32
-4.29
-4.31
-4.3
-4.31
-4.29
-4.3
-4.29
-4.29
-4.32
-4.3
-4.3
-4.29
-4.28
-4.29
-4.29
-4.29
-4.31
-4.28
-4.28
-4.28
-4.29
-4.28
-4.3
-4.27
-4.26
-4.28
-4.27
-4.26
-4.28
-4.25
-4.28
-4.28
-4.26
-4.26
-4.26
-4.26
-4.27
-4.27
-4.25
-4.27
-4.26
-4.26
-4.27
-4.26
-4.24
-4.26
-4.25
-4.24
-4.26
-4.27
-4.23
-4.26
-4.21
-4.2
-4.21
-4.21
-4.19
-4.19
-4.18
-4.17
-4.2
-4.18
-4.18
-4.2
-4.18
-4.19
-4.18
-4.17
-4.15
-4.13
-4.17
-4.14
-4.12
-4.13
-4.15
-4.13
-4.1
-4.17
-4.1
-4.11
-4.14
-4.08
-4.09
-4.11
-4.09
-4.06
-4.04
-4.03
-4.03
-4
-4
-3.98
-3.95
-3.94
-3.94
-3.92
-3.85
-3.96
-3.91
-3.91
-3.93
-3.9
-3.87
-3.86
-3.94
-3.9
-3.9
-3.9
-3.9
-3.9
-3.9
-3.89
-3.92
-3.88
-3.91
-3.88
-3.86
-3.83
-3.88
-3.87
-3.77
-3.82
-3.8
-3.87
-3.86
-3.81
-3.77
-3.79
-3.8
-3.75
-3.72
-3.78
-3.79
-3.72
-3.8
-3.77
-3.7
-3.72
-3.72
-3.7
-3.69
-3.66
-3.73
-3.68
-3.69
-3.64
-3.66
-3.68
-3.65
-3.59
-3.63
-3.64
-3.63
-3.67
-3.59
-3.62
-3.63
-3.59
-3.62
-3.58
-3.61
-3.55
-3.65
-3.6
-3.62
-3.54
-3.57
-3.51
-3.56
-3.58
-3.49
-3.47
-3.59
-3.51
-3.52
-3.51
-3.41
-3.49
-3.46
-3.46
-3.41
-3.48
-3.4
-3.44
-3.32
-3.46
-3.35
-3.45
-3.41
-3.38
-3.41
-3.42
-3.4
-3.39
-3.41
-3.47
-3.4
-3.48
-3.44
-3.49
-3.48
-3.47
-3.46
-3.5
-3.44
-3.48
-3.49
-3.47
-3.48
-3.47
-3.48
-3.51
-3.5
-3.51
-3.48
-3.51
-3.46
-3.52
-3.53
-3.53
-3.52
-3.55
-3.54
-3.56
-3.52
-3.57
-3.54
-3.58
-3.57
-3.61
-3.57
-3.6
-3.61
-3.6
-3.59
-3.64
-3.61
-3.63
-3.66
-3.65
-3.63
-3.67
-3.65
-3.67
-3.65
-3.68
-3.67
-3.69
-3.7
-3.7
-3.71
-3.72
-3.71
-3.73
-3.73
-3.74
-3.74
-3.74
-3.76
-3.75
-3.75
-3.75
-3.77
-3.78
-3.79
-3.78
-3.79
-3.82
-3.82
-3.82
-3.82
-3.84
-3.83
-3.85
-3.86
-3.86
-3.87
-3.87
-3.9
-3.88
-3.9
-3.9
-3.91
-3.9
-3.89
-3.89
-3.91
-3.92
-3.94
-3.94
-3.93
-3.95
-3.95
-3.96
-3.97
-3.97
-3.97
-3.97
-3.99
-4
-3.99
-4
-4.01
-4.01
-4.02
-4.01
-4.04
-4.03
-4.04
-4.05
-4.05
-4.05
-4.06
-4.06
-4.02
-4.08
-4.09
-4.08
-4.08
-4.09
-4.08
-4.08
-4.09
-4.07
-4.09
-4.08
-4.09
-4.09
-4.1
-4.1
-4.09
-4.08
-4.09
-4.11
-4.1
-4.1
-4.1
-4.1
-4.11
-4.1
-4.12
-4.11
-4.11
-4.1
-4.15
-4.12
-4.1
-4.11
-4.13
-4.12
-4.1
-4.1
-4.06
-4.05
-4.07
-4.06
-4.03
-4.02
-3.98
-3.96
-4.03
-3.95
-3.98
-3.91
-3.92
-3.97
-3.91
-3.86
-3.92
-3.91
-3.88
-3.9
-3.92
-3.89
-3.93
-3.94
-3.9
-3.87
-3.93
-3.9
-3.89
-3.9
-3.88
-3.9
-3.89
-3.89
-3.88
-3.88
-3.88
-3.86
-3.89
-3.87
-3.87
-3.87
-3.87
-3.87
-3.86
-3.86
-3.85
-3.86
-3.87
-3.85
-3.86
-3.85
-3.84
-3.87
-3.83
-3.89
-3.82
-3.85
-3.86
-3.84
-3.84
-3.86
-3.83
-3.83
-3.91
-3.87
-3.83
-3.8
-3.84
-3.8
-3.84
-3.81
-3.81
-3.82
-3.82
-3.8
-3.81
-3.81
-3.81
-3.8
-3.81
-3.8
-3.79
-3.8
-3.77
-3.82
-3.75
-3.81
-3.79
-3.8
-3.8
-3.77
-3.79
-3.77
-3.8
-3.76
-3.77
-3.9
-3.75
-3.79
-3.65
-3.78
-3.74
-3.77
-3.75
-3.74
-3.73
-3.74
-3.75
-3.73
-3.74
-3.72
-3.73
-3.74
-3.74
-3.74
-3.74
-3.73
-3.75
-3.72
-3.71
-3.74
-3.7
-3.7
-3.69
-3.72
-3.68
-3.7
-3.66
-3.7
-3.7
-3.65
-3.7
-3.65
-3.66
-3.7
-3.62
-3.65
-3.7
-3.61
-3.68
-3.65
-3.65
-3.65
-3.63
-3.71
-3.63
-3.68
-3.62
-3.65
-3.59
-3.65
-3.68
-3.56
-3.64
-3.6
-3.6
-3.59
-3.56
-3.52
-3.52
-3.61
-3.58
-3.52
-3.53
-3.47
-3.56
-3.54
-3.5
-3.47
-3.52
-3.47
-3.44
-3.5
-3.59
-3.37
-3.43
-3.36
-3.43
-3.37
-3.4
-3.36
-3.32
-3.29
-3.31
-3.35
-3.23
-3.34
-3.21
-3.21
-3.25
-3.3
-3.32
-3.27
-3.26
-3.26
-3.27
-3.23
-3.22
-3.23
-3.23
-3.24
-3.24
-3.24
-3.22
-3.2
-3.22
-3.18
-3.21
-3.18
-3.2
-3.2
-3.19
-3.27
-3.16
-3.19
-3.17
-3.18
-3.19
-3.17
-3.2
-3.18
-3.19
-3.17
-3.2
-3.18
-3.18
-3.13
-3.23
-3.14
-3.2
-3.23
-3.16
-3.23
-3.22
-3.23
-3.22
-3.23
-3.25
-3.24
-3.3
-3.24
-3.3
-3.27
-3.29
-3.27
-3.29
-3.31
-3.27
-3.3
-3.29
-3.32
-3.29
-3.3
-3.32
-3.31
-3.34
-3.33
-3.36
-3.36
-3.35
-3.38
-3.37
-3.37
-3.38
-3.29
-3.38
-3.43
-3.4
-3.36
-3.43
-3.41
-3.43
-3.45
-3.45
-3.45
-3.44
-3.47
-3.45
-3.47
-3.47
-3.49
-3.5
-3.49
-3.5
-3.5
-3.51
-3.51
-3.5
-3.54
-3.52
-3.53
-3.52
-3.55
-3.56
-3.57
-3.57
-3.58
-3.6
-3.6
-3.61
-3.59
-3.61
-3.61
-3.64
-3.63
-3.64
-3.64
-3.66
-3.66
-3.65
-3.66
-3.67
-3.67
-3.67
-3.67
-3.67
-3.68
-3.69
-3.68
-3.7
-3.72
-3.71
-3.73
-3.74
-3.73
-3.73
-3.74
-3.73
-3.77
-3.76
-3.75
-3.76
-3.77
-3.78
-3.77
-3.78
-3.75
-3.78
-3.79
-3.78
-3.8
-3.78
-3.77
-3.79
-3.78
-3.8
-3.77
-3.79
-3.79
-3.8
-3.82
-3.8
-3.82
-3.8
-3.81
-3.8
-3.82
-3.87
-3.85
-3.83
-3.82
-3.83
-3.82
-3.81
-3.81
-3.79
-3.83
-3.81
-3.8
-3.8
-3.75
-3.77
-3.77
-3.79
-3.78
-3.78
-3.77
-3.76
-3.81
-3.93
-3.79
-3.78
-3.78
-3.85
-3.79
-3.77
-3.78
-3.78
-3.79
-3.77
-3.78
-3.78
-3.78
-3.76
-3.76
-3.78
-3.77
-3.78
-3.78
-3.77
-3.84
-3.78
-3.77
-3.78
-3.75
-3.78
-3.77
-3.78
-3.77
-3.78
-3.78
-3.76
-3.76
-3.78
-3.77
-3.76
-3.77
-3.76
-3.77
-3.77
-3.75
-3.78
-3.76
-3.77
-3.76
-3.75
-3.76
-3.76
-3.76
-3.76
-3.76
-3.76
-3.76
-3.75
-3.75
-3.74
-3.75
-3.75
-3.72
-3.75
-3.75
-3.75
-3.74
-3.75
-3.75
-3.76
-3.75
-3.76
-3.75
-3.74
-3.75
-3.75
-3.74
-3.75
-3.74
-3.74
-3.74
-3.73
-3.73
-3.74
-3.7
-3.73
-3.72
-3.71
-3.73
-3.71
-3.71
-3.69
-3.69
-3.72
-3.71
-3.69
-3.73
-3.7
-3.71
-3.72
-3.73
-3.71
-3.72
-3.73
-3.7
-3.72
-3.7
-3.68
-3.69
-3.71
-3.68
-3.71
-3.71
-3.7
-3.71
-3.69
-3.69
-3.68
-3.67
-3.69
-3.65
-3.69
-3.65
-3.66
-3.66
-3.66
-3.66
-3.67
-3.66
-3.64
-3.66
-3.64
-3.67
-3.67
-3.63
-3.63
-3.65
-3.63
-3.69
-3.7
-3.66
-3.61
-3.66
-3.65
-3.55
-3.6
-3.58
-3.6
-3.56
-3.63
-3.64
-3.59
-3.59
-3.62
-3.6
-3.64
-3.61
-3.59
-3.65
-3.61
-3.62
-3.62
-3.64
-3.6
-3.67
-3.62
-3.64
-3.65
-3.65
-3.63
-3.64
-3.66
-3.61
-3.62
-3.64
-3.62
-3.64
-3.64
-3.67
-3.65
-3.67
-3.68
-3.68
-3.68
-3.69
-3.71
-3.73
-3.72
-3.7
-3.73
-3.73
-3.7
-3.74
-3.72
-3.74
-3.75
-3.76
-3.75
-3.77
-3.77
-3.76
-3.78
-3.77
-3.79
-3.77
-3.79
-3.79
-3.79
-3.82
-3.81
-3.8
-3.81
-3.82
-3.81
-3.82
-3.83
-3.84
-3.85
-3.82
-3.85
-3.85
-3.84
-3.86
-3.87
-3.87
-3.85
-3.9
-3.89
-3.9
-3.9
-3.9
-3.91
-3.92
-3.92
-3.93
-3.93
-3.95
-3.93
-3.95
-3.95
-3.97
-3.97
-3.96
-4
-3.99
-3.99
-3.98
-4.01
-4.01
-4.02
-4.01
-4.01
-4.01
-4.03
-4
-4.06
-4.05
-4.07
-4.08
-4.08
-4.07
-4.1
-4.1
-4.11
-4.1
-4.11
-4.12
-4.11
-4.13
-4.14
-4.13
-4.15
-4.16
-4.16
-4.17
-4.17
-4.18
-4.19
-4.16
-4.21
-4.21
-4.2
-4.21
-4.17
-4.21
-4.23
-4.23
-4.25
-4.24
-4.26
-4.26
-4.26
-4.27
-4.29
-4.28
-4.29
-4.28
-4.29
-4.3
-4.31
-4.3
-4.32
-4.31
-4.33
-4.33
-4.34
-4.36
-4.34
-4.35
-4.37
-4.37
-4.35
-4.36
-4.36
-4.36
-4.36
-4.38
-4.37
-4.38
-4.38
-4.39
-4.39
-4.38
-4.39
-4.39
-4.42
-4.4
-4.41
-4.41
-4.42
-4.41
-4.42
-4.42
-4.41
-4.42
-4.41
-4.42
-4.42
-4.44
-4.44
-4.43
-4.42
-4.42
-4.44
-4.42
-4.42
-4.41
-4.42
-4.41
-4.42
-4.42
-4.43
-4.41
-4.44
-4.4
-4.42
-4.38
-4.38
-4.38
-4.36
-4.33
-4.33
-4.37
-4.36
-4.34
-4.33
-4.35
-4.34
-4.32
-4.34
-4.32
-4.28
-4.31
-4.34
-4.34
-4.33
-4.35
-4.33
-4.33
-4.34
-4.32
-4.33
-4.33
-4.35
-4.35
-4.35
-4.33
-4.34
-4.33
-4.32
-4.33
-4.32
-4.32
-4.33
-4.34
-4.34
-4.33
-4.33
-4.33
-4.32
-4.33
-4.33
-4.32
-4.34
-4.34
-4.33
-4.33
-4.31
-4.33
-4.35
-4.32
-4.32
-4.33
-4.32
-4.34
-4.33
-4.39
-4.32
-4.34
-4.32
-4.32
-4.32
-4.34
-4.34
-4.32
-4.31
-4.3
-4.32
-4.32
-4.3
-4.32
-4.31
-4.33
-4.3
-4.32
-4.33
-4.3
-4.3
-4.3
-4.3
-4.32
-4.29
-4.29
-4.3
-4.28
-4.31
-4.31
-4.29
-4.31
-4.31
-4.29
-4.27
-4.3
-4.3
-4.27
-4.29
-4.29
-4.27
-4.27
-4.26
-4.26
-4.26
-4.26
-4.27
-4.28
-4.27
-4.25
-4.26
-4.28
-4.26
-4.3
-4.25
-4.27
-4.27
-4.32
-4.31
-4.28
-4.27
-4.26
-4.27
-4.25
-4.32
-4.26
-4.25
-4.27
-4.31
-4.29
-4.29
-4.25
-4.27
-4.27
-4.27
-4.29
-4.24
-4.25
-4.24
-4.28
-4.25
-4.24
-4.28
-4.25
-4.24
-4.24
-4.26
-4.27
-4.31
-4.27
-4.25
-4.25
-4.25
-4.22
-4.25
-4.21
-4.26
-4.23
-4.24
-4.25
-4.24
-4.22
-4.19
-4.19
-4.2
-4.17
-4.18
-4.21
-4.18
-4.2
-4.18
-4.19
-4.18
-4.18
-4.21
-4.19
-4.17
-4.16
-4.18
-4.17
-4.18
-4.18
-4.18
-4.19
-4.17
-4.15
-4.17
-4.16
-4.17
-4.19
-4.16
-4.17
-4.18
-4.22
-4.19
-4.19
-4.21
-4.18
-4.2
-4.19
-4.19
-4.19
-4.21
-4.19
-4.18
-4.19
-4.17
-4.2
-4.21
-4.22
-4.22
-4.22
-4.24
-4.23
-4.24
-4.23
-4.24
-4.23
-4.26
-4.26
-4.25
-4.26
-4.26
-4.25
-4.27
-4.27
-4.29
-4.28
-4.27
-4.3
-4.29
-4.29
-4.29
-4.31
-4.31
-4.31
-4.31
-4.28
-4.33
-4.32
-4.31
-4.34
-4.34
-4.34
-4.34
-4.34
-4.35
-4.34
-4.34
-4.34
-4.36
-4.37
-4.37
-4.36
-4.36
-4.38
-4.39
-4.39
-4.4
-4.41
-4.41
-4.41
-4.41
-4.42
-4.44
-4.43
-4.44
-4.43
-4.45
-4.45
-4.45
-4.46
-4.47
-4.47
-4.47
-4.48
-4.49
-4.5
-4.49
-4.5
-4.5
-4.5
-4.52
-4.52
-4.52
-4.53
-4.54
-4.54
-4.53
-4.55
-4.57
-4.57
-4.57
-4.56
-4.58
-4.57
-4.59
-4.57
-4.59
-4.59
-4.6
-4.6
-4.6
-4.61
-4.59
-4.61
-4.62
-4.63
-4.63
-4.64
-4.64
-4.64
-4.63
-4.65
-4.65
-4.65
-4.65
-4.66
-4.67
-4.66
-4.67
-4.66
-4.69
-4.67
-4.67
-4.7
-4.71
-4.69
-4.69
-4.69
-4.71
-4.71
-4.7
-4.69
-4.68
-4.69
-4.69
-4.67
-4.69
-4.69
-4.7
-4.69
-4.7
-4.7
-4.7
-4.7
-4.71
-4.7
-4.7
-4.71
-4.7
-4.7
-4.7
-4.7
-4.71
-4.71
-4.71
-4.7
-4.71
-4.71
-4.71
-4.71
-4.69
-4.68
-4.67
-4.68
-4.66
-4.62
-4.61
-4.63
-4.66
-4.59
-4.61
-4.61
-4.55
-4.54
-4.57
-4.53
-4.51
-4.54
-4.56
-4.52
-4.54
-4.55
-4.53
-4.55
-4.53
-4.53
-4.55
-4.55
-4.56
-4.56
-4.55
-4.52
-4.54
-4.55
-4.56
-4.55
-4.53
-4.53
-4.54
-4.54
-4.53
-4.54
-4.52
-4.53
-4.54
-4.54
-4.55
-4.52
-4.53
-4.54
-4.54
-4.51
-4.53
-4.51
-4.52
-4.51
-4.54
-4.5
-4.51
-4.51
-4.52
-4.49
-4.51
-4.51
-4.49
-4.5
-4.5
-4.5
-4.48
-4.51
-4.48
-4.5
-4.51
-4.46
-4.51
-4.48
-4.49
-4.47
-4.49
-4.46
-4.48
-4.48
-4.48
-4.45
-4.45
-4.47
-4.47
-4.46
-4.45
-4.48
-4.47
-4.47
-4.45
-4.46
-4.46
-4.45
-4.46
-4.45
-4.44
-4.45
-4.46
-4.43
-4.44
-4.43
-4.44
-4.41
-4.42
-4.42
-4.42
-4.43
-4.43
-4.42
-4.44
-4.43
-4.41
-4.41
-4.4
-4.44
-4.46
-4.38
-4.44
-4.42
-4.39
-4.41
-4.41
-4.38
-4.39
-4.39
-4.39
-4.4
-4.39
-4.36
-4.39
-4.37
-4.35
-4.36
-4.38
-4.4
-4.38
-4.35
-4.35
-4.37
-4.46
-4.48
-4.39
-4.36
-4.36
-4.38
-4.38
-4.38
-4.37
-4.33
-4.38
-4.36
-4.31
-4.32
-4.36
-4.34
-4.27
-4.33
-4.27
-4.26
-4.3
-4.28
-4.31
-4.2
-4.2
-4.21
-4.18
-4.26
-4.21
-4.22
-4.23
-4.19
-4.18
-4.19
-4.19
-4.19
-4.15
-4.13
-4.11
-4.17
-4.11
-4.14
-4.14
-4.08
-4.07
-4.07
-4.15
-4.08
-4.08
-4.07
-4.03
-4.12
-4.05
-4.05
-4.06
-4.02
-4.03
-4.07
-4.02
-4.04
-3.99
-4.03
-4.09
-4.01
-4.05
-4.05
-4.04
-4.02
-4.02
-4.05
-4.03
-4.07
-4.04
-4.06
-4.05
-4.04
-4.06
-4.1
-4.08
-4.09
-4.06
-4.08
-4.08
-4.1
-4.07
-4.08
-4.11
-4.12
-4.12
-4.12
-4.12
-4.13
-4.14
-4.14
-4.14
-4.16
-4.15
-4.17
-4.18
-4.18
-4.18
-4.18
-4.19
-4.2
-4.21
-4.21
-4.22
-4.23
-4.22
-4.24
-4.24
-4.25
-4.26
-4.26
-4.27
-4.27
-4.29
-4.27
-4.3
-4.3
-4.3
-4.31
-4.31
-4.33
-4.33
-4.3
-4.34
-4.35
-4.35
-4.35
-4.33
-4.37
-4.36
-4.38
-4.39
-4.39
-4.4
-4.4
-4.41
-4.43
-4.44
-4.44
-4.45
-4.45
-4.46
-4.46
-4.45
-4.46
-4.46
-4.48
-4.48
-4.48
-4.5
-4.5
-4.5
-4.49
-4.51
-4.52
-4.51
-4.53
-4.52
-4.54
-4.55
-4.55
-4.55
-4.57
-4.57
-4.59
-4.57
-4.58
-4.59
-4.58
-4.59
-4.59
-4.6
-4.61
-4.61
-4.61
-4.61
-4.61
-4.62
-4.62
-4.65
-4.64
-4.64
-4.64
-4.65
-4.67
-4.69
-4.66
-4.66
-4.67
-4.66
-4.67
-4.66
-4.67
-4.67
-4.67
-4.67
-4.67
-4.67
-4.68
-4.68
-4.69
-4.69
-4.71
-4.7
-4.7
-4.7
-4.72
-4.72
-4.71
-4.7
-4.72
-4.71
-4.7
-4.7
-4.72
-4.72
-4.71
-4.7
-4.68
-4.69
-4.64
-4.63
-4.57
-4.63
-4.66
-4.65
-4.66
-4.67
-4.67
-4.65
-4.67
-4.63
-4.59
-4.6
-4.59
-4.61
-4.58
-4.58
-4.61
-4.61
-4.59
-4.6
-4.6
-4.59
-4.59
-4.6
-4.59
-4.6
-4.6
-4.6
-4.6
-4.6
-4.6
-4.6
-4.61
-4.6
-4.6
-4.6
-4.59
-4.59
-4.59
-4.59
-4.6
-4.59
-4.6
-4.6
-4.59
-4.59
-4.59
-4.59
-4.6
-4.59
-4.58
-4.61
-4.59
-4.59
-4.59
-4.59
-4.59
-4.59
-4.58
-4.58
-4.58
-4.58
-4.58
-4.58
-4.58
-4.57
-4.58
-4.57
-4.59
-4.59
-4.57
-4.56
-4.57
-4.57
-4.56
-4.55
-4.56
-4.57
-4.56
-4.55
-4.55
-4.55
-4.55
-4.54
-4.55
-4.56
-4.56
-4.54
-4.54
-4.53
-4.54
-4.53
-4.54
-4.54
-4.54
-4.52
-4.52
-4.52
-4.54
-4.52
-4.55
-4.54
-4.52
-4.52
-4.52
-4.54
-4.51
-4.52
-4.53
-4.48
-4.52
-4.52
-4.54
-4.56
-4.51
-4.53
-4.53
-4.52
-4.51
-4.5
-4.5
-4.5
-4.5
-4.5
-4.49
-4.5
-4.5
-4.51
-4.49
-4.51
-4.5
-4.49
-4.48
-4.51
-4.48
-4.49
-4.54
-4.47
-4.5
-4.5
-4.5
-4.5
-4.46
-4.44
-4.41
-4.44
-4.44
-4.42
-4.47
-4.45
-4.46
-4.42
-4.44
-4.41
-4.44
-4.46
-4.42
-4.4
-4.38
-4.38
-4.41
-4.41
-4.38
-4.42
-4.38
-4.34
-4.37
-4.42
-4.37
-4.41
-4.38
-4.33
-4.36
-4.31
-4.32
-4.35
-4.29
-4.34
-4.29
-4.26
-4.25
-4.26
-4.26
-4.2
-4.26
-4.17
-4.23
-4.17
-4.24
-4.21
-4.2
-4.19
-4.18
-4.17
-4.23
-4.18
-4.18
-4.19
-4.19
-4.2
-4.21
-4.22
-4.2
-4.2
-4.22
-4.18
-4.17
-4.23
-4.23
-4.21
-4.18
-4.22
-4.2
-4.22
-4.22
-4.24
-4.18
-4.23
-4.23
-4.23
-4.22
-4.24
-4.25
-4.25
-4.24
-4.26
-4.26
-4.26
-4.28
-4.31
-4.28
-4.3
-4.29
-4.3
-4.31
-4.31
-4.32
-4.32
-4.32
-4.33
-4.32
-4.33
-4.35
-4.36
-4.36
-4.37
-4.37
-4.38
-4.39
-4.39
-4.4
-4.4
-4.41
-4.41
-4.42
-4.41
-4.43
-4.42
-4.44
-4.43
-4.45
-4.45
-4.45
-4.47
-4.46
-4.46
-4.49
-4.49
-4.5
-4.5
-4.51
-4.54
-4.47
-4.52
-4.53
-4.54
-4.55
-4.55
-4.56
-4.55
-4.58
-4.57
-4.57
-4.58
-4.59
-4.56
-4.58
-4.59
-4.61
-4.62
-4.62
-4.62
-4.64
-4.63
-4.65
-4.64
-4.65
-4.65
-4.66
-4.68
-4.68
-4.68
-4.67
-4.69
-4.7
-4.69
-4.67
-4.71
-4.71
-4.7
-4.71
-4.72
-4.72
-4.72
-4.73
-4.74
-4.75
-4.74
-4.74
-4.75
-4.74
-4.77
-4.76
-4.76
-4.77
-4.78
-4.76
-4.77
-4.78
-4.78
-4.79
-4.79
-4.79
-4.78
-4.79
-4.79
-4.79
-4.79
-4.79
-4.78
-4.79
-4.8
-4.79
-4.79
-4.8
-4.81
-4.81
-4.8
-4.81
-4.81
-4.81
-4.81
-4.8
-4.82
-4.81
-4.8
-4.81
-4.81
-4.82
-4.82
-4.82
-4.82
-4.82
-4.81
-4.79
-4.79
-4.82
-4.8
-4.81
-4.78
-4.79
-4.78
-4.77
-4.77
-4.76
-4.74
-4.74
-4.75
-4.69
-4.75
-4.72
-4.73
-4.74
-4.7
-4.74
-4.73
-4.73
-4.73
-4.73
-4.73
-4.74
-4.75
-4.73
-4.74
-4.73
-4.71
-4.72
-4.72
-4.72
-4.73
-4.72
-4.73
-4.73
-4.73
-4.72
-4.72
-4.73
-4.73
-4.73
-4.74
-4.71
-4.74
-4.72
-4.72
-4.73
-4.72
-4.73
-4.72
-4.72
-4.72
-4.72
-4.71
-4.73
-4.73
-4.71
-4.71
-4.7
-4.71
-4.72
-4.7
-4.71
-4.7
-4.72
-4.7
-4.69
-4.68
-4.69
-4.68
-4.68
-4.68
-4.7
-4.7
-4.67
-4.69
-4.68
-4.68
-4.69
-4.68
-4.67
-4.66
-4.68
-4.67
-4.69
-4.67
-4.68
-4.69
-4.71
-4.68
-4.66
-4.66
-4.66
-4.68
-4.67
-4.67
-4.67
-4.68
-4.67
-4.67
-4.67
-4.66
-4.67
-4.68
-4.72
-4.68
-4.66
-4.65
-4.66
-4.65
-4.64
-4.66
-4.72
-4.7
-4.67
-4.67
-4.66
-4.65
-4.65
-4.66
-4.65
-4.63
-4.64
-4.63
-4.72
-4.64
-4.63
-4.65
-4.68
-4.65
-4.64
-4.63
-4.63
-4.59
-4.62
-4.65
-4.65
-4.64
-4.68
-4.68
-4.61
-4.62
-4.64
-4.63
-4.63
-4.64
-4.62
-4.63
-4.62
-4.6
-4.61
-4.57
-4.55
-4.52
-4.51
-4.49
-4.51
-4.43
-4.43
-4.44
-4.39
-4.41
-4.4
-4.34
-4.35
-4.4
-4.35
-4.33
-4.37
-4.39
-4.26
-4.3
-4.27
-4.36
-4.28
-4.31
-4.31
-4.24
-4.26
-4.3
-4.29
-4.27
-4.24
-4.3
-4.27
-4.24
-4.25
-4.22
-4.23
-4.22
-4.26
-4.28
-4.24
-4.27
-4.27
-4.22
-4.26
-4.24
-4.28
-4.23
-4.29
-4.3
-4.27
-4.25
-4.28
-4.23
-4.25
-4.29
-4.3
-4.31
-4.3
-4.28
-4.3
-4.31
-4.31
-4.29
-4.32
-4.31
-4.31
-4.32
-4.33
-4.33
-4.35
-4.34
-4.35
-4.31
-4.35
-4.37
-4.38
-4.39
-4.38
-4.37
-4.38
-4.39
-4.42
-4.44
-4.41
-4.42
-4.44
-4.43
-4.45
-4.48
-4.47
-4.45
-4.47
-4.48
-4.48
-4.48
-4.49
-4.46
-4.49
-4.5
-4.5
-4.51
-4.5
-4.53
-4.52
-4.53
-4.52
-4.53
-4.54
-4.55
-4.55
-4.55
-4.56
-4.57
-4.56
-4.59
-4.58
-4.59
-4.59
-4.62
-4.61
-4.62
-4.62
-4.62
-4.62
-4.64
-4.65
-4.64
-4.66
-4.65
-4.66
-4.65
-4.66
-4.68
-4.69
-4.69
-4.7
-4.69
-4.71
-4.7
-4.71
-4.71
-4.73
-4.74
-4.74
-4.74
-4.75
-4.74
-4.76
-4.77
-4.76
-4.77
-4.77
-4.78
-4.81
-4.79
-4.8
-4.78
-4.75
-4.81
-4.82
-4.81
-4.82
-4.82
-4.83
-4.83
-4.84
-4.84
-4.84
-4.84
-4.84
-4.85
-4.86
-4.85
-4.85
-4.86
-4.86
-4.86
-4.86
-4.88
-4.88
-4.88
-4.88
-4.88
-4.89
-4.89
-4.88
-4.89
-4.9
-4.89
-4.9
-4.91
-4.91
-4.93
-4.91
-4.92
-4.91
-4.91
-4.91
-4.92
-4.91
-4.91
-4.91
-4.91
-4.92
-4.92
-4.91
-4.91
-4.91
-4.91
-4.87
-4.89
-4.86
-4.88
-4.88
-4.89
-4.87
-4.88
-4.88
-4.87
-4.88
-4.87
-4.88
-4.89
-4.88
-4.87
-4.9
-4.85
-4.85
-4.81
-4.84
-4.81
-4.8
-4.81
-4.82
-4.82
-4.81
-4.84
-4.82
-4.83
-4.82
-4.81
-4.79
-4.82
-4.81
-4.79
-4.8
-4.79
-4.79
-4.8
-4.8
-4.8
-4.79
-4.78
-4.78
-4.78
-4.79
-4.78
-4.77
-4.77
-4.78
-4.78
-4.77
-4.76
-4.76
-4.75
-4.7
-4.69
-4.7
-4.69
-4.68
-4.69
-4.7
-4.67
-4.66
-4.68
-4.67
-4.68
-4.67
-4.68
-4.67
-4.68
-4.67
-4.67
-4.68
-4.71
-4.69
-4.66
-4.65
-4.67
-4.66
-4.63
-4.66
-4.66
-4.66
-4.64
-4.66
-4.67
-4.64
-4.63
-4.67
-4.65
-4.66
-4.65
-4.61
-4.61
-4.61
-4.59
-4.58
-4.58
-4.55
-4.47
-4.55
-4.56
-4.53
-4.55
-4.52
-4.51
-4.53
-4.53
-4.56
-4.52
-4.56
-4.52
-4.54
-4.48
-4.52
-4.51
-4.49
-4.5
-4.54
-4.47
-4.46
-4.51
-4.44
-4.43
-4.48
-4.46
-4.45
-4.46
-4.47
-4.51
-4.44
-4.44
-4.47
-4.43
-4.47
-4.46
-4.46
-4.46
-4.54
-4.47
-4.44
-4.48
-4.43
-4.44
-4.43
-4.44
-4.44
-4.41
-4.51
-4.43
-4.43
-4.44
-4.42
-4.42
-4.42
-4.43
-4.41
-4.4
-4.38
-4.37
-4.42
-4.38
-4.37
-4.39
-4.35
-4.38
-4.39
-4.37
-4.36
-4.35
-4.33
-4.35
-4.41
-4.33
-4.37
-4.38
-4.31
-4.32
-4.32
-4.36
-4.37
-4.34
-4.35
-4.33
-4.34
-4.31
-4.28
-4.29
